# relative_time, cycles_done, cur_item, corpus_count, pending_total, pending_favs, map_size, saved_crashes, saved_hangs, max_depth, execs_per_sec, total_execs, edges_found, total_crashes, servers_count
61, 39, 71, 103, 0, 0, 53.52%, 14, 0, 6, 8147.50, 531055, 38, 108, 0
66, 43, 1, 103, 0, 0, 53.52%, 14, 0, 6, 8139.86, 572580, 38, 120, 0
72, 46, 84, 103, 0, 0, 53.52%, 14, 0, 6, 8017.75, 614166, 38, 128, 0
77, 49, 54, 103, 0, 0, 53.52%, 14, 0, 6, 7831.71, 654655, 38, 140, 0
82, 53, 20, 103, 0, 0, 53.52%, 14, 0, 6, 8315.34, 697405, 38, 147, 0
87, 57, 37, 103, 0, 0, 53.52%, 14, 0, 6, 8824.50, 743005, 38, 158, 0
92, 61, 62, 103, 0, 0, 53.52%, 14, 0, 6, 8691.23, 788080, 38, 173, 0
97, 64, 103, 104, 1, 0, 53.52%, 14, 0, 6, 8540.00, 830161, 38, 187, 0
102, 68, 101, 104, 0, 0, 53.52%, 14, 0, 6, 8506.88, 873655, 38, 199, 0
108, 71, 14, 104, 0, 0, 53.52%, 14, 0, 6, 8157.50, 915855, 38, 211, 0
113, 75, 54, 104, 0, 0, 53.52%, 14, 0, 6, 8215.23, 958855, 38, 218, 0
118, 78, 15, 104, 0, 0, 53.52%, 14, 0, 6, 8190.06, 1000005, 38, 229, 0
123, 82, 26, 104, 0, 0, 53.52%, 14, 0, 6, 8691.47, 1044405, 38, 239, 0
128, 86, 71, 104, 0, 0, 53.52%, 14, 0, 6, 8965.11, 1091030, 38, 260, 0
133, 89, 54, 104, 0, 0, 53.52%, 14, 0, 6, 8657.38, 1135505, 38, 268, 0
139, 93, 54, 104, 0, 0, 53.52%, 14, 0, 6, 8460.49, 1179805, 38, 276, 0
144, 97, 14, 104, 0, 0, 53.52%, 14, 0, 6, 9006.98, 1225905, 38, 284, 0
149, 100, 78, 104, 0, 0, 53.52%, 14, 0, 6, 8369.26, 1267705, 38, 290, 0
154, 104, 69, 104, 0, 0, 53.52%, 14, 0, 6, 8433.31, 1310955, 38, 299, 0
159, 108, 78, 104, 0, 0, 53.52%, 14, 0, 6, 8302.14, 1354047, 38, 310, 0
164, 111, 86, 104, 0, 0, 53.52%, 14, 0, 6, 8407.97, 1398305, 38, 318, 0
169, 115, 78, 104, 0, 0, 53.52%, 14, 0, 6, 8556.56, 1442177, 38, 336, 0
175, 119, 14, 104, 0, 0, 53.52%, 14, 0, 6, 9137.62, 1490105, 38, 348, 0
180, 123, 85, 104, 0, 0, 53.52%, 14, 0, 6, 8860.37, 1535333, 38, 358, 0
185, 127, 71, 104, 0, 0, 53.52%, 14, 0, 6, 8943.93, 1581380, 38, 372, 0
190, 130, 98, 104, 0, 0, 53.52%, 14, 0, 6, 8679.92, 1625530, 38, 379, 0
195, 134, 78, 104, 0, 0, 53.52%, 14, 0, 6, 8656.79, 1669855, 38, 391, 0
200, 137, 54, 104, 0, 0, 53.52%, 14, 0, 6, 8357.55, 1712980, 38, 402, 0
205, 141, 78, 104, 0, 0, 53.52%, 14, 0, 6, 8727.03, 1756880, 38, 417, 0
211, 145, 78, 104, 0, 0, 53.52%, 14, 0, 6, 8766.67, 1802055, 38, 428, 0
216, 149, 26, 104, 0, 0, 53.52%, 14, 0, 6, 8896.16, 1848130, 38, 434, 0
221, 152, 73, 104, 0, 0, 53.52%, 14, 0, 6, 8626.66, 1892180, 38, 443, 0
226, 156, 84, 104, 0, 0, 53.52%, 14, 0, 6, 8665.98, 1936803, 38, 461, 0
231, 159, 22, 104, 0, 0, 53.52%, 14, 0, 6, 8916.15, 1982455, 38, 471, 0
236, 163, 78, 104, 0, 0, 53.52%, 14, 0, 6, 8563.21, 2027526, 38, 483, 0
241, 167, 26, 104, 0, 0, 53.52%, 14, 0, 6, 8610.72, 2072205, 38, 491, 0
247, 171, 59, 105, 1, 0, 53.52%, 14, 0, 6, 8955.00, 2119238, 38, 501, 0
252, 174, 102, 105, 0, 0, 53.52%, 14, 0, 6, 8628.73, 2163754, 38, 511, 0
257, 178, 37, 105, 0, 0, 53.52%, 14, 0, 6, 8422.28, 2206207, 38, 520, 0
262, 181, 54, 106, 1, 0, 53.52%, 14, 0, 6, 8668.86, 2251114, 38, 533, 0
267, 185, 88, 106, 0, 0, 53.52%, 14, 0, 6, 8730.44, 2296544, 38, 551, 0
272, 188, 54, 106, 0, 0, 53.52%, 14, 0, 6, 8588.77, 2340469, 38, 558, 0
278, 192, 14, 106, 0, 0, 53.52%, 14, 0, 6, 8713.71, 2384819, 38, 574, 0
283, 195, 65, 106, 0, 0, 53.52%, 14, 0, 6, 8528.49, 2428569, 38, 585, 0
288, 199, 26, 106, 0, 0, 53.52%, 14, 0, 6, 8805.76, 2473844, 38, 597, 0
293, 203, 70, 106, 0, 0, 53.52%, 14, 0, 6, 8316.10, 2516269, 38, 606, 0
298, 206, 5, 106, 0, 0, 53.52%, 14, 0, 6, 8131.56, 2558769, 38, 615, 0
303, 210, 62, 106, 0, 0, 53.52%, 14, 0, 6, 8711.55, 2604294, 38, 630, 0
308, 213, 22, 106, 0, 0, 53.52%, 14, 0, 6, 8406.80, 2647269, 38, 645, 0
314, 216, 26, 106, 0, 0, 53.52%, 14, 0, 6, 8103.51, 2688619, 38, 651, 0
319, 220, 78, 106, 0, 0, 53.52%, 14, 0, 6, 8065.19, 2730105, 38, 667, 0
324, 223, 54, 107, 0, 0, 53.52%, 14, 0, 6, 7578.61, 2772244, 38, 676, 0
329, 227, 86, 107, 0, 0, 53.52%, 14, 0, 6, 8542.59, 2817391, 38, 693, 0
334, 230, 83, 107, 0, 0, 53.52%, 14, 0, 6, 8466.48, 2860638, 38, 703, 0
339, 234, 37, 107, 0, 0, 53.52%, 14, 0, 6, 8428.06, 2903869, 38, 713, 0
344, 237, 26, 107, 0, 0, 53.52%, 14, 0, 6, 8336.44, 2947044, 38, 721, 0
350, 241, 20, 107, 0, 0, 53.52%, 14, 0, 6, 8655.11, 2991694, 38, 733, 0
355, 244, 71, 107, 0, 0, 53.52%, 14, 0, 6, 8076.05, 3036344, 38, 746, 0
360, 248, 20, 107, 0, 0, 53.52%, 14, 0, 6, 8136.34, 3078769, 38, 762, 0
365, 251, 26, 107, 0, 0, 53.52%, 14, 0, 6, 8406.38, 3121894, 38, 774, 0
370, 255, 37, 107, 0, 0, 53.52%, 14, 0, 6, 8140.95, 3164019, 38, 786, 0
375, 258, 25, 108, 0, 0, 53.52%, 14, 0, 6, 8346.07, 3207451, 38, 799, 0
380, 262, 108, 109, 1, 0, 53.52%, 14, 0, 7, 8443.72, 3251245, 38, 811, 0
385, 265, 108, 109, 0, 0, 53.52%, 14, 0, 7, 7508.44, 3295794, 38, 821, 0
391, 268, 62, 109, 0, 0, 53.52%, 14, 0, 7, 8438.11, 3340044, 38, 828, 0
396, 271, 71, 109, 0, 0, 53.52%, 14, 0, 7, 8805.76, 3385669, 38, 833, 0
401, 275, 78, 111, 0, 0, 53.52%, 14, 0, 7, 8753.63, 3431094, 38, 844, 0
406, 278, 71, 111, 0, 0, 53.52%, 14, 0, 7, 8904.53, 3477144, 38, 854, 0
411, 281, 54, 111, 0, 0, 53.52%, 14, 0, 7, 8805.50, 3522469, 38, 865, 0
416, 284, 62, 111, 0, 0, 53.52%, 14, 0, 7, 9006.27, 3568644, 38, 875, 0
421, 288, 102, 111, 0, 0, 53.52%, 14, 0, 7, 9238.18, 3616369, 38, 891, 0
427, 291, 103, 111, 0, 0, 53.52%, 14, 0, 7, 9260.58, 3664360, 38, 903, 0
432, 295, 26, 111, 0, 0, 53.52%, 14, 0, 7, 9057.71, 3711194, 38, 910, 0
437, 298, 54, 111, 0, 0, 53.52%, 14, 0, 7, 8865.39, 3757244, 38, 921, 0
442, 301, 22, 111, 0, 0, 53.52%, 14, 0, 7, 9125.16, 3803944, 38, 934, 0
447, 305, 78, 111, 0, 0, 53.52%, 14, 0, 7, 8535.16, 3850514, 38, 949, 0
452, 308, 1, 111, 0, 0, 53.52%, 14, 0, 7, 9002.95, 3897744, 38, 963, 0
458, 312, 56, 111, 0, 0, 53.52%, 14, 0, 7, 9098.85, 3944619, 38, 974, 0
463, 315, 14, 111, 0, 0, 53.52%, 14, 0, 7, 9167.78, 3991419, 38, 986, 0
468, 318, 78, 111, 0, 0, 53.52%, 14, 0, 7, 9101.20, 4038226, 38, 998, 0
473, 322, 14, 111, 0, 0, 53.52%, 14, 0, 7, 9186.40, 4085594, 38, 1007, 0
478, 325, 37, 111, 0, 0, 53.52%, 14, 0, 7, 9438.05, 4135069, 38, 1015, 0
483, 329, 104, 111, 0, 0, 53.52%, 14, 0, 7, 9183.51, 4181956, 38, 1027, 0
488, 332, 71, 111, 0, 0, 53.52%, 14, 0, 7, 9241.27, 4230044, 38, 1039, 0
494, 336, 22, 111, 0, 0, 53.52%, 14, 0, 7, 9077.10, 4276644, 38, 1049, 0
499, 339, 103, 111, 0, 0, 53.52%, 14, 0, 7, 9129.93, 4324009, 38, 1068, 0
504, 342, 82, 111, 0, 0, 53.52%, 14, 0, 7, 9306.88, 4371044, 38, 1077, 0
509, 346, 22, 111, 0, 0, 53.52%, 14, 0, 7, 9050.79, 4417144, 38, 1092, 0
514, 349, 54, 111, 0, 0, 53.52%, 14, 0, 7, 9179.89, 4464819, 38, 1109, 0
519, 353, 37, 111, 0, 0, 53.52%, 14, 0, 7, 9170.40, 4512119, 38, 1131, 0
524, 356, 71, 111, 0, 0, 53.52%, 14, 0, 7, 9146.33, 4559369, 38, 1145, 0
530, 360, 62, 111, 0, 0, 53.52%, 14, 0, 7, 9193.81, 4606419, 38, 1156, 0
535, 363, 35, 111, 0, 0, 53.52%, 14, 0, 7, 9556.32, 4654169, 38, 1171, 0
540, 366, 20, 111, 0, 0, 53.52%, 14, 0, 7, 9105.71, 4700769, 38, 1184, 0
545, 369, 26, 111, 0, 0, 53.52%, 14, 0, 7, 8821.32, 4745894, 38, 1194, 0
550, 373, 3, 111, 0, 0, 53.52%, 14, 0, 7, 8910.27, 4792269, 38, 1206, 0
555, 376, 62, 111, 0, 0, 53.52%, 14, 0, 7, 9325.32, 4839994, 38, 1211, 0
560, 379, 14, 111, 0, 0, 53.52%, 14, 0, 7, 9161.59, 4886919, 38, 1223, 0
565, 383, 81, 111, 0, 0, 53.52%, 14, 0, 7, 9291.46, 4933694, 38, 1231, 0
571, 386, 78, 111, 0, 0, 53.52%, 14, 0, 7, 9143.60, 4980877, 38, 1253, 0
576, 389, 91, 111, 0, 0, 53.52%, 14, 0, 7, 9068.90, 5027500, 38, 1262, 0
581, 392, 37, 111, 0, 0, 53.52%, 14, 0, 7, 8810.05, 5070469, 38, 1269, 0
586, 396, 20, 111, 0, 0, 53.52%, 14, 0, 7, 8974.54, 5116894, 38, 1281, 0
591, 399, 37, 111, 0, 0, 53.52%, 14, 0, 7, 8972.55, 5162844, 38, 1295, 0
596, 402, 20, 111, 0, 0, 53.52%, 14, 0, 7, 9196.97, 5210719, 38, 1307, 0
601, 404, 116, 140, 29, 1, 54.93%, 15, 0, 7, 8422.26, 5253566, 39, 1316, 0
607, 404, 125, 148, 28, 0, 54.93%, 15, 0, 7, 5099.35, 5276188, 39, 1316, 0
612, 404, 148, 150, 27, 0, 54.93%, 15, 0, 7, 2086.06, 5283478, 39, 1317, 0
617, 404, 147, 154, 27, 0, 54.93%, 15, 0, 7, 1949.75, 5292691, 39, 1317, 0
622, 404, 150, 155, 26, 0, 54.93%, 15, 0, 8, 383.98, 5296505, 39, 1318, 0
627, 404, 154, 156, 24, 0, 54.93%, 15, 0, 8, 706.23, 5301446, 39, 1318, 0
632, 404, 155, 156, 22, 0, 54.93%, 15, 0, 8, 956.13, 5305703, 39, 1318, 0
637, 404, 156, 157, 20, 0, 54.93%, 15, 0, 8, 1616.77, 5313952, 39, 1318, 0
642, 404, 113, 158, 18, 0, 54.93%, 15, 0, 9, 1887.57, 5321185, 39, 1319, 0
647, 405, 149, 158, 13, 0, 54.93%, 15, 0, 9, 418.99, 5330212, 39, 1319, 0
652, 405, 118, 158, 8, 0, 54.93%, 15, 0, 9, 2773.92, 5340142, 39, 1319, 0
658, 405, 157, 158, 6, 0, 54.93%, 15, 0, 9, 408.74, 5346332, 39, 1319, 0
663, 405, 158, 159, 5, 0, 54.93%, 15, 0, 10, 164.66, 5351183, 39, 1320, 0
668, 405, 158, 159, 5, 0, 54.93%, 15, 0, 10, 171.59, 5352080, 39, 1320, 0
673, 405, 158, 160, 6, 0, 54.93%, 15, 0, 11, 173.55, 5352978, 39, 1320, 0
678, 405, 149, 160, 2, 0, 54.93%, 15, 0, 11, 451.83, 5371362, 39, 1324, 0
683, 405, 154, 160, 1, 0, 54.93%, 15, 0, 11, 307.50, 5380630, 39, 1326, 0
688, 405, 159, 160, 1, 0, 54.93%, 15, 0, 11, 119.22, 5386082, 39, 1327, 0
693, 405, 159, 160, 1, 0, 54.93%, 15, 0, 11, 117.58, 5386680, 39, 1327, 0
699, 405, 148, 160, 0, 0, 54.93%, 15, 0, 11, 731.18, 5392809, 39, 1328, 0
704, 405, 85, 160, 0, 0, 54.93%, 15, 0, 11, 2468.21, 5410840, 39, 1331, 0
709, 406, 157, 160, 0, 0, 54.93%, 15, 0, 11, 407.55, 5426416, 39, 1332, 0
714, 406, 151, 160, 0, 0, 54.93%, 15, 0, 11, 2690.64, 5442552, 39, 1336, 0
719, 406, 127, 160, 0, 0, 54.93%, 15, 0, 11, 422.77, 5452684, 39, 1337, 0
724, 406, 123, 160, 0, 0, 54.93%, 15, 0, 11, 4144.15, 5472834, 39, 1343, 0
729, 407, 146, 160, 0, 0, 54.93%, 15, 0, 11, 6654.96, 5499216, 39, 1346, 0
734, 407, 147, 160, 0, 0, 54.93%, 15, 0, 11, 4509.85, 5518206, 39, 1347, 0
740, 407, 125, 160, 0, 0, 54.93%, 15, 0, 11, 5395.84, 5535486, 39, 1350, 0
745, 407, 135, 160, 0, 0, 54.93%, 15, 0, 11, 5502.54, 5550760, 39, 1355, 0
750, 408, 145, 160, 0, 0, 54.93%, 15, 0, 11, 4352.55, 5571152, 39, 1361, 0
755, 408, 116, 160, 0, 0, 54.93%, 15, 0, 11, 3352.72, 5580904, 39, 1361, 0
760, 408, 116, 160, 0, 0, 54.93%, 15, 0, 11, 7386.33, 5598410, 39, 1363, 0
765, 408, 158, 160, 0, 0, 54.93%, 15, 0, 11, 477.33, 5616207, 39, 1367, 0
770, 408, 62, 160, 0, 0, 54.93%, 15, 0, 11, 2920.53, 5629896, 39, 1369, 0
775, 409, 140, 160, 0, 0, 54.93%, 15, 0, 11, 5904.97, 5643414, 39, 1373, 0
781, 409, 149, 160, 0, 0, 54.93%, 15, 0, 11, 1561.28, 5654602, 39, 1374, 0
786, 409, 140, 160, 0, 0, 54.93%, 15, 0, 11, 4522.23, 5671324, 39, 1375, 0
791, 410, 152, 160, 0, 0, 54.93%, 15, 0, 11, 1384.94, 5695564, 39, 1378, 0
796, 410, 123, 160, 0, 0, 54.93%, 15, 0, 11, 2876.50, 5707954, 39, 1380, 0
801, 410, 149, 160, 0, 0, 54.93%, 15, 0, 11, 5629.27, 5723663, 39, 1382, 0
806, 410, 22, 160, 0, 0, 54.93%, 15, 0, 11, 5342.78, 5740829, 39, 1387, 0
811, 410, 116, 160, 0, 0, 54.93%, 15, 0, 11, 3800.42, 5753716, 39, 1388, 0
816, 411, 150, 160, 0, 0, 54.93%, 15, 0, 11, 3669.44, 5771142, 39, 1390, 0
822, 411, 116, 160, 0, 0, 54.93%, 15, 0, 11, 6692.92, 5787044, 39, 1392, 0
827, 411, 116, 160, 0, 0, 54.93%, 15, 0, 11, 3445.03, 5805306, 39, 1398, 0
832, 411, 158, 160, 0, 0, 54.93%, 15, 0, 11, 261.68, 5822824, 39, 1399, 0
837, 412, 18, 160, 0, 0, 54.93%, 15, 0, 11, 1036.30, 5836321, 39, 1403, 0
842, 412, 158, 160, 0, 0, 54.93%, 15, 0, 11, 669.10, 5855772, 39, 1403, 0
848, 412, 117, 160, 0, 0, 54.93%, 15, 0, 11, 6608.37, 5870818, 39, 1406, 0
853, 412, 124, 160, 0, 0, 54.93%, 15, 0, 11, 3157.79, 5884726, 39, 1409, 0
858, 412, 95, 160, 0, 0, 54.93%, 15, 0, 11, 1860.00, 5889662, 39, 1409, 0
863, 413, 149, 160, 0, 0, 54.93%, 15, 0, 11, 406.98, 5904161, 39, 1412, 0
868, 413, 119, 160, 0, 0, 54.93%, 15, 0, 11, 3980.84, 5924835, 39, 1412, 0
874, 413, 158, 160, 0, 0, 54.93%, 15, 0, 11, 1135.10, 5941842, 39, 1417, 0
879, 413, 116, 160, 0, 0, 54.93%, 15, 0, 11, 3949.71, 5958007, 39, 1420, 0
884, 414, 137, 160, 0, 0, 54.93%, 15, 0, 11, 5288.10, 5978391, 39, 1420, 0
889, 414, 116, 160, 0, 0, 54.93%, 15, 0, 11, 3780.05, 5992300, 39, 1421, 0
894, 414, 151, 160, 0, 0, 54.93%, 15, 0, 11, 3966.65, 6014119, 39, 1424, 0
899, 414, 148, 160, 0, 0, 54.93%, 15, 0, 11, 769.23, 6039132, 39, 1427, 0
904, 415, 116, 160, 0, 0, 54.93%, 15, 0, 11, 6402.77, 6057038, 39, 1429, 0
910, 415, 111, 160, 0, 0, 54.93%, 15, 0, 11, 4363.92, 6075996, 39, 1432, 0
915, 415, 147, 160, 0, 0, 54.93%, 15, 0, 11, 3233.45, 6096576, 39, 1437, 0
920, 415, 116, 160, 0, 0, 54.93%, 15, 0, 11, 2995.42, 6109648, 39, 1440, 0
925, 416, 110, 160, 0, 0, 54.93%, 15, 0, 11, 7065.02, 6131980, 39, 1445, 0
930, 416, 158, 160, 0, 0, 54.93%, 15, 0, 11, 451.69, 6146780, 39, 1450, 0
936, 416, 159, 160, 0, 0, 54.93%, 15, 0, 11, 118.18, 6157368, 39, 1450, 0
941, 416, 22, 160, 0, 0, 54.93%, 15, 0, 11, 2975.44, 6172161, 39, 1454, 0
946, 417, 120, 160, 0, 0, 54.93%, 15, 0, 11, 7015.00, 6191643, 39, 1456, 0
951, 417, 158, 160, 0, 0, 54.93%, 15, 0, 11, 491.53, 6209604, 39, 1459, 0
956, 417, 144, 160, 0, 0, 54.93%, 15, 0, 11, 3837.29, 6228762, 39, 1465, 0
961, 417, 142, 160, 0, 0, 54.93%, 15, 0, 11, 269.20, 6243854, 39, 1467, 0
966, 418, 71, 160, 0, 0, 54.93%, 15, 0, 11, 8517.47, 6260500, 39, 1468, 0
971, 418, 149, 160, 0, 0, 54.93%, 15, 0, 11, 5025.05, 6273441, 39, 1470, 0
977, 418, 127, 160, 0, 0, 54.93%, 15, 0, 11, 3655.88, 6288995, 39, 1478, 0
982, 418, 96, 160, 0, 0, 54.93%, 15, 0, 11, 4588.93, 6312459, 39, 1480, 0
987, 419, 37, 160, 0, 0, 54.93%, 15, 0, 11, 4371.38, 6334945, 39, 1485, 0
992, 419, 152, 160, 0, 0, 54.93%, 15, 0, 11, 5462.49, 6355892, 39, 1487, 0
997, 419, 116, 160, 0, 0, 54.93%, 15, 0, 11, 1993.99, 6372932, 39, 1487, 0
1002, 420, 122, 160, 0, 0, 54.93%, 15, 0, 11, 2202.41, 6387360, 39, 1491, 0
1007, 420, 123, 160, 0, 0, 54.93%, 15, 0, 11, 3133.57, 6403388, 39, 1495, 0
1012, 420, 145, 160, 0, 0, 54.93%, 15, 0, 11, 6996.72, 6419639, 39, 1500, 0
1017, 420, 118, 160, 0, 0, 54.93%, 15, 0, 11, 6270.67, 6449367, 39, 1506, 0
1023, 421, 149, 160, 0, 0, 54.93%, 15, 0, 11, 418.60, 6469599, 39, 1513, 0
1028, 421, 149, 160, 0, 0, 54.93%, 15, 0, 11, 420.17, 6480214, 39, 1514, 0
1033, 421, 137, 160, 0, 0, 54.93%, 15, 0, 11, 4219.66, 6502360, 39, 1516, 0
1038, 421, 116, 160, 0, 0, 54.93%, 15, 0, 11, 4913.80, 6527562, 39, 1522, 0
1043, 422, 154, 160, 0, 0, 54.93%, 15, 0, 11, 5125.60, 6545837, 39, 1525, 0
1049, 422, 115, 160, 0, 0, 54.93%, 15, 0, 11, 4949.96, 6567770, 39, 1532, 0
1054, 422, 20, 160, 0, 0, 54.93%, 15, 0, 11, 6815.00, 6582997, 39, 1534, 0
1059, 423, 116, 160, 0, 0, 54.93%, 15, 0, 11, 5942.33, 6605016, 39, 1539, 0
1064, 423, 153, 160, 0, 0, 54.93%, 15, 0, 11, 2603.43, 6617241, 39, 1541, 0
1069, 423, 157, 160, 0, 0, 54.93%, 15, 0, 11, 415.26, 6634102, 39, 1542, 0
1074, 423, 147, 160, 0, 0, 54.93%, 15, 0, 11, 1132.46, 6649440, 39, 1546, 0
1080, 423, 154, 160, 0, 0, 54.93%, 15, 0, 11, 1021.11, 6668466, 39, 1546, 0
1085, 424, 158, 160, 0, 0, 54.93%, 15, 0, 11, 178.37, 6681444, 39, 1551, 0
1090, 424, 153, 160, 0, 0, 54.93%, 15, 0, 11, 4537.87, 6698550, 39, 1556, 0
1095, 424, 116, 160, 0, 0, 54.93%, 15, 0, 11, 6032.62, 6715899, 39, 1558, 0
1100, 424, 150, 160, 0, 0, 54.93%, 15, 0, 11, 1136.15, 6731868, 39, 1561, 0
1105, 424, 156, 160, 0, 0, 54.93%, 15, 0, 11, 570.37, 6745242, 39, 1562, 0
1110, 425, 147, 160, 0, 0, 54.93%, 15, 0, 11, 666.04, 6762296, 39, 1566, 0
1116, 425, 116, 160, 0, 0, 54.93%, 15, 0, 11, 5038.03, 6777763, 39, 1568, 0
1121, 425, 142, 160, 0, 0, 54.93%, 15, 0, 11, 4799.36, 6798804, 39, 1574, 0
1126, 425, 155, 160, 0, 0, 54.93%, 15, 0, 11, 3998.36, 6813074, 39, 1576, 0
1131, 426, 149, 160, 0, 0, 54.93%, 15, 0, 11, 4074.03, 6830433, 39, 1578, 0
1136, 426, 146, 160, 0, 0, 54.93%, 15, 0, 11, 3994.66, 6846620, 39, 1585, 0
1141, 426, 149, 160, 0, 0, 54.93%, 15, 0, 11, 3317.67, 6862174, 39, 1589, 0
1146, 426, 116, 160, 0, 0, 54.93%, 15, 0, 11, 4303.82, 6880194, 39, 1590, 0
1152, 426, 147, 160, 0, 0, 54.93%, 15, 0, 11, 6170.45, 6893300, 39, 1591, 0
1157, 427, 153, 160, 0, 0, 54.93%, 15, 0, 11, 6332.07, 6904930, 39, 1594, 0
1162, 427, 150, 160, 0, 0, 54.93%, 15, 0, 11, 511.87, 6919742, 39, 1601, 0
1167, 427, 146, 160, 0, 0, 54.93%, 15, 0, 11, 1816.76, 6938962, 39, 1604, 0
1172, 427, 159, 160, 0, 0, 54.93%, 15, 0, 11, 120.00, 6952782, 39, 1608, 0
1177, 427, 158, 160, 0, 0, 54.93%, 15, 0, 11, 2885.23, 6964650, 39, 1610, 0
1182, 428, 147, 160, 0, 0, 54.93%, 15, 0, 11, 8039.60, 6984330, 39, 1614, 0
1187, 428, 150, 160, 0, 0, 54.93%, 15, 0, 11, 932.43, 7000318, 39, 1616, 0
1193, 428, 145, 160, 0, 0, 54.93%, 15, 0, 11, 6045.16, 7015912, 39, 1620, 0
1198, 428, 156, 160, 0, 0, 54.93%, 15, 0, 11, 965.70, 7023001, 39, 1623, 0
1204, 429, 158, 160, 0, 0, 54.93%, 15, 0, 11, 174.50, 7040919, 39, 1624, 0
1203, 429, 158, 160, 0, 0, 54.93%, 15, 0, 11, 0.00, 7040925, 39, 1624, 0
1209, 429, 154, 160, 0, 0, 54.93%, 15, 0, 11, 375.77, 7053174, 39, 1628, 0
1214, 429, 157, 160, 0, 0, 54.93%, 15, 0, 11, 382.86, 7069747, 39, 1632, 0
1219, 429, 153, 160, 0, 0, 54.93%, 15, 0, 11, 4258.56, 7088242, 39, 1635, 0
1224, 430, 78, 160, 0, 0, 54.93%, 15, 0, 11, 3202.84, 7101766, 39, 1636, 0
1229, 430, 134, 160, 0, 0, 54.93%, 15, 0, 11, 5663.43, 7133626, 39, 1648, 0
1234, 430, 116, 160, 0, 0, 54.93%, 15, 0, 11, 2383.72, 7152150, 39, 1655, 0
1239, 430, 157, 160, 0, 0, 54.93%, 15, 0, 11, 2478.61, 7165325, 39, 1657, 0
1244, 431, 148, 160, 0, 0, 54.93%, 15, 0, 11, 933.97, 7180664, 39, 1657, 0
1249, 431, 65, 160, 0, 0, 54.93%, 15, 0, 11, 5417.33, 7199411, 39, 1662, 0
1255, 431, 78, 160, 0, 0, 54.93%, 15, 0, 11, 4461.35, 7217787, 39, 1664, 0
1260, 431, 116, 160, 0, 0, 54.93%, 15, 0, 11, 3488.54, 7231694, 39, 1667, 0
1265, 432, 124, 160, 0, 0, 54.93%, 15, 0, 11, 472.05, 7245543, 39, 1669, 0
1270, 432, 140, 160, 0, 0, 54.93%, 15, 0, 11, 3462.24, 7259706, 39, 1675, 0
1275, 432, 116, 160, 0, 0, 54.93%, 15, 0, 11, 4659.37, 7269566, 39, 1679, 0
1280, 432, 142, 160, 0, 0, 54.93%, 15, 0, 11, 3140.33, 7287109, 39, 1680, 0
1285, 432, 157, 160, 0, 0, 54.93%, 15, 0, 11, 1825.73, 7297184, 39, 1680, 0
1290, 433, 154, 160, 0, 0, 54.93%, 15, 0, 11, 235.63, 7309306, 39, 1680, 0
1295, 433, 155, 160, 0, 0, 54.93%, 15, 0, 11, 5678.96, 7329762, 39, 1680, 0
1301, 433, 149, 160, 0, 0, 54.93%, 15, 0, 11, 4579.57, 7347567, 39, 1685, 0
1306, 433, 132, 160, 0, 0, 54.93%, 15, 0, 11, 4043.82, 7361880, 39, 1687, 0
1311, 434, 124, 160, 0, 0, 54.93%, 15, 0, 11, 3629.54, 7380461, 39, 1690, 0
1316, 434, 157, 160, 0, 0, 54.93%, 15, 0, 11, 1629.74, 7389970, 39, 1693, 0
1321, 434, 146, 160, 0, 0, 54.93%, 15, 0, 11, 3503.68, 7410512, 39, 1698, 0
1326, 434, 78, 160, 0, 0, 54.93%, 15, 0, 11, 4850.70, 7428684, 39, 1700, 0
1331, 434, 151, 160, 0, 0, 54.93%, 15, 0, 11, 5572.14, 7439506, 39, 1706, 0
1336, 435, 116, 160, 0, 0, 54.93%, 15, 0, 11, 5759.18, 7456066, 39, 1707, 0
1341, 435, 135, 160, 0, 0, 54.93%, 15, 0, 11, 5474.61, 7471102, 39, 1710, 0
1347, 435, 108, 160, 0, 0, 54.93%, 15, 0, 11, 3868.59, 7487382, 39, 1711, 0
1352, 435, 121, 160, 0, 0, 54.93%, 15, 0, 11, 4636.70, 7505660, 39, 1718, 0
1357, 436, 121, 160, 0, 0, 54.93%, 15, 0, 11, 5716.42, 7521352, 39, 1719, 0
1362, 436, 144, 160, 0, 0, 54.93%, 15, 0, 11, 5166.39, 7542220, 39, 1721, 0
1367, 436, 133, 160, 0, 0, 54.93%, 15, 0, 11, 6080.60, 7554796, 39, 1725, 0
1372, 436, 152, 160, 0, 0, 54.93%, 15, 0, 11, 3386.55, 7572360, 39, 1728, 0
1377, 437, 116, 160, 0, 0, 54.93%, 15, 0, 11, 4565.98, 7599426, 39, 1730, 0
1383, 437, 159, 160, 0, 0, 54.93%, 15, 0, 11, 117.55, 7615634, 39, 1734, 0
1388, 437, 112, 160, 0, 0, 54.93%, 15, 0, 11, 5561.80, 7631264, 39, 1735, 0
1393, 437, 112, 160, 0, 0, 54.93%, 15, 0, 11, 5012.87, 7648325, 39, 1738, 0
1398, 437, 159, 160, 0, 0, 54.93%, 15, 0, 11, 115.25, 7658464, 39, 1742, 0
1403, 438, 159, 160, 0, 0, 54.93%, 15, 0, 11, 116.76, 7669215, 39, 1747, 0
1408, 438, 115, 160, 0, 0, 54.93%, 15, 0, 11, 1969.67, 7686850, 39, 1749, 0
1413, 438, 123, 160, 0, 0, 54.93%, 15, 0, 11, 5673.26, 7708112, 39, 1751, 0
1419, 439, 116, 160, 0, 0, 54.93%, 15, 0, 11, 5189.70, 7730732, 39, 1759, 0
1424, 439, 146, 160, 0, 0, 54.93%, 15, 0, 11, 4597.18, 7749496, 39, 1760, 0
1429, 439, 145, 160, 0, 0, 54.93%, 15, 0, 11, 5106.42, 7774064, 39, 1762, 0
1434, 439, 23, 160, 0, 0, 54.93%, 15, 0, 11, 5471.16, 7800369, 39, 1766, 0
1439, 440, 99, 160, 0, 0, 54.93%, 15, 0, 11, 6137.40, 7809763, 39, 1766, 0
1444, 440, 116, 160, 0, 0, 54.93%, 15, 0, 11, 5594.06, 7826014, 39, 1774, 0
1449, 440, 131, 160, 0, 0, 54.93%, 15, 0, 11, 2976.81, 7840533, 39, 1775, 0
1454, 440, 111, 160, 0, 0, 54.93%, 15, 0, 11, 5017.07, 7867565, 39, 1781, 0
1459, 441, 148, 160, 0, 0, 54.93%, 15, 0, 11, 1132.01, 7883014, 39, 1785, 0
1464, 441, 121, 160, 0, 0, 54.93%, 15, 0, 11, 8068.57, 7894499, 39, 1787, 0
1469, 441, 132, 160, 0, 0, 54.93%, 15, 0, 11, 4252.03, 7911602, 39, 1790, 0
1474, 441, 124, 160, 0, 0, 54.93%, 15, 0, 11, 3709.06, 7926590, 39, 1791, 0
1480, 441, 158, 160, 0, 0, 54.93%, 15, 0, 11, 532.50, 7936807, 39, 1792, 0
1485, 442, 71, 160, 0, 0, 54.93%, 15, 0, 11, 5902.07, 7953227, 39, 1795, 0
1490, 442, 154, 160, 0, 0, 54.93%, 15, 0, 11, 594.72, 7976055, 39, 1800, 0
1495, 442, 26, 160, 0, 0, 54.93%, 15, 0, 11, 6359.16, 7994609, 39, 1805, 0
1500, 442, 156, 160, 0, 0, 54.93%, 15, 0, 11, 3433.35, 8007408, 39, 1806, 0
1505, 443, 147, 160, 0, 0, 54.93%, 15, 0, 11, 5819.39, 8024934, 39, 1809, 0
1511, 443, 116, 160, 0, 0, 54.93%, 15, 0, 11, 4212.62, 8046944, 39, 1813, 0
1516, 443, 22, 160, 0, 0, 54.93%, 15, 0, 11, 3141.97, 8065781, 39, 1815, 0
1521, 444, 116, 160, 0, 0, 54.93%, 15, 0, 11, 4890.00, 8083910, 39, 1818, 0
1526, 444, 116, 160, 0, 0, 54.93%, 15, 0, 11, 4136.55, 8102836, 39, 1818, 0
1531, 444, 20, 160, 0, 0, 54.93%, 15, 0, 11, 3740.70, 8114951, 39, 1820, 0
1536, 444, 22, 160, 0, 0, 54.93%, 15, 0, 11, 4627.98, 8138081, 39, 1828, 0
1541, 444, 147, 160, 0, 0, 54.93%, 15, 0, 11, 2516.57, 8151984, 39, 1829, 0
1546, 445, 125, 160, 0, 0, 54.93%, 15, 0, 11, 3408.66, 8168748, 39, 1832, 0
1552, 445, 159, 160, 0, 0, 54.93%, 15, 0, 11, 184.55, 8186087, 39, 1833, 0
1557, 445, 154, 160, 0, 0, 54.93%, 15, 0, 11, 239.73, 8200469, 39, 1835, 0
1562, 445, 148, 160, 0, 0, 54.93%, 15, 0, 11, 3021.89, 8214718, 39, 1837, 0
1567, 446, 52, 160, 0, 0, 54.93%, 15, 0, 11, 4144.44, 8235415, 39, 1843, 0
1572, 446, 71, 160, 0, 0, 54.93%, 15, 0, 11, 4485.37, 8258756, 39, 1846, 0
1577, 446, 123, 160, 0, 0, 54.93%, 15, 0, 11, 3980.10, 8267284, 39, 1846, 0
1582, 446, 136, 160, 0, 0, 54.93%, 15, 0, 11, 4549.08, 8282315, 39, 1847, 0
1587, 447, 141, 160, 0, 0, 54.93%, 15, 0, 11, 4683.15, 8299535, 39, 1848, 0
1592, 447, 136, 160, 0, 0, 54.93%, 15, 0, 11, 2133.00, 8317496, 39, 1856, 0
1597, 447, 23, 160, 0, 0, 54.93%, 15, 0, 11, 3867.24, 8333885, 39, 1861, 0
1603, 447, 153, 160, 0, 0, 54.93%, 15, 0, 11, 5063.73, 8353047, 39, 1864, 0
1608, 447, 149, 160, 0, 0, 54.93%, 15, 0, 11, 394.23, 8360704, 39, 1867, 0
1613, 448, 142, 160, 0, 0, 54.93%, 15, 0, 11, 4147.86, 8377950, 39, 1871, 0
1618, 448, 118, 160, 0, 0, 54.93%, 15, 0, 11, 5751.26, 8395004, 39, 1873, 0
1623, 448, 158, 160, 0, 0, 54.93%, 15, 0, 11, 614.73, 8414161, 39, 1877, 0
1628, 448, 120, 160, 0, 0, 54.93%, 15, 0, 11, 3237.68, 8424780, 39, 1877, 0
1634, 449, 153, 160, 0, 0, 54.93%, 15, 0, 11, 6301.28, 8447145, 39, 1885, 0
1639, 449, 116, 160, 0, 0, 54.93%, 15, 0, 11, 5722.07, 8466261, 39, 1891, 0
1644, 449, 121, 160, 0, 0, 54.93%, 15, 0, 11, 4602.47, 8478126, 39, 1892, 0
1649, 449, 148, 160, 0, 0, 54.93%, 15, 0, 11, 740.60, 8504282, 39, 1897, 0
1654, 450, 159, 160, 0, 0, 54.93%, 15, 0, 11, 3030.04, 8518119, 39, 1900, 0
1659, 450, 132, 160, 0, 0, 54.93%, 15, 0, 11, 673.37, 8529336, 39, 1903, 0
1664, 450, 151, 160, 0, 0, 54.93%, 15, 0, 11, 3034.56, 8547965, 39, 1907, 0
1670, 450, 159, 160, 0, 0, 54.93%, 15, 0, 11, 1036.36, 8564380, 39, 1908, 0
1675, 450, 78, 160, 0, 0, 54.93%, 15, 0, 11, 492.70, 8572634, 39, 1910, 0
1680, 451, 142, 160, 0, 0, 54.93%, 15, 0, 11, 763.63, 8586382, 39, 1915, 0
1685, 451, 148, 160, 0, 0, 54.93%, 15, 0, 11, 2941.08, 8604327, 39, 1918, 0
1690, 451, 159, 160, 0, 0, 54.93%, 15, 0, 11, 118.11, 8618898, 39, 1919, 0
1695, 451, 116, 160, 0, 0, 54.93%, 15, 0, 11, 3906.72, 8638534, 39, 1925, 0
1700, 452, 136, 160, 0, 0, 54.93%, 15, 0, 11, 4968.89, 8661157, 39, 1927, 0
1705, 452, 153, 160, 0, 0, 54.93%, 15, 0, 11, 3944.73, 8678934, 39, 1928, 0
1710, 452, 141, 160, 0, 0, 54.93%, 15, 0, 11, 3256.95, 8692954, 39, 1931, 0
1716, 452, 150, 160, 0, 0, 54.93%, 15, 0, 11, 391.63, 8712814, 39, 1937, 0
1721, 453, 146, 160, 0, 0, 54.93%, 15, 0, 11, 3411.54, 8731060, 39, 1937, 0
1726, 453, 145, 160, 0, 0, 54.93%, 15, 0, 11, 5084.67, 8754169, 39, 1944, 0
1731, 453, 78, 160, 0, 0, 54.93%, 15, 0, 11, 6483.02, 8770092, 39, 1945, 0
1736, 453, 145, 160, 0, 0, 54.93%, 15, 0, 11, 5289.18, 8788166, 39, 1947, 0
1742, 454, 142, 160, 0, 0, 54.93%, 15, 0, 11, 3485.33, 8799834, 39, 1951, 0
1747, 454, 14, 160, 0, 0, 54.93%, 15, 0, 11, 6361.39, 8820222, 39, 1954, 0
1752, 454, 116, 160, 0, 0, 54.93%, 15, 0, 11, 3746.50, 8836372, 39, 1958, 0
1757, 454, 158, 160, 0, 0, 54.93%, 15, 0, 11, 528.99, 8852958, 39, 1961, 0
1762, 455, 159, 160, 0, 0, 54.93%, 15, 0, 11, 117.26, 8858754, 39, 1961, 0
1767, 455, 154, 160, 0, 0, 54.93%, 15, 0, 11, 963.35, 8875016, 39, 1966, 0
1772, 455, 116, 160, 0, 0, 54.93%, 15, 0, 11, 5839.02, 8891164, 39, 1967, 0
1778, 455, 71, 160, 0, 0, 54.93%, 15, 0, 11, 5321.09, 8911489, 39, 1974, 0
1783, 456, 134, 160, 0, 0, 54.93%, 15, 0, 11, 2240.38, 8924827, 39, 1977, 0
1788, 456, 125, 160, 0, 0, 54.93%, 15, 0, 11, 2842.69, 8942273, 39, 1978, 0
1793, 456, 12, 160, 0, 0, 54.93%, 15, 0, 11, 3969.64, 8963107, 39, 1980, 0
1798, 456, 129, 160, 0, 0, 54.93%, 15, 0, 11, 5276.76, 8974506, 39, 1981, 0
1803, 456, 129, 160, 0, 0, 54.93%, 15, 0, 11, 4083.81, 8993284, 39, 1981, 0
1808, 457, 150, 160, 0, 0, 54.93%, 15, 0, 11, 5606.92, 9008800, 39, 1985, 0
1813, 457, 152, 160, 0, 0, 54.93%, 15, 0, 11, 852.47, 9016512, 39, 1988, 0
1818, 457, 158, 160, 0, 0, 54.93%, 15, 0, 11, 617.23, 9030925, 39, 1993, 0
1823, 457, 58, 160, 0, 0, 54.93%, 15, 0, 11, 3477.49, 9052680, 39, 1997, 0
1823, 457, 22, 160, 0, 0, 54.93%, 15, 0, 11, 0.00, 9053321, 39, 1997, 0
1829, 458, 116, 160, 0, 0, 54.93%, 15, 0, 11, 5039.60, 9075396, 39, 1999, 0
1834, 458, 116, 160, 0, 0, 54.93%, 15, 0, 11, 3473.25, 9092556, 39, 2004, 0
1839, 458, 146, 160, 0, 0, 54.93%, 15, 0, 11, 5503.51, 9115486, 39, 2006, 0
1844, 459, 133, 160, 0, 0, 54.93%, 15, 0, 11, 4295.42, 9137423, 39, 2011, 0
1849, 459, 130, 160, 0, 0, 54.93%, 15, 0, 11, 3318.09, 9151345, 39, 2015, 0
1854, 459, 156, 160, 0, 0, 54.93%, 15, 0, 11, 540.44, 9169957, 39, 2018, 0
1859, 459, 65, 160, 0, 0, 54.93%, 15, 0, 11, 6200.17, 9182225, 39, 2021, 0
1864, 459, 142, 160, 0, 0, 54.93%, 15, 0, 11, 4124.47, 9200438, 39, 2023, 0
1869, 460, 159, 160, 0, 0, 54.93%, 15, 0, 11, 4301.37, 9217690, 39, 2024, 0
1875, 460, 158, 160, 0, 0, 54.93%, 15, 0, 11, 4349.54, 9226487, 39, 2025, 0
1880, 460, 126, 160, 0, 0, 54.93%, 15, 0, 11, 5073.54, 9242252, 39, 2029, 0
1885, 460, 138, 160, 0, 0, 54.93%, 15, 0, 11, 8878.78, 9256316, 39, 2035, 0
1890, 460, 159, 160, 0, 0, 54.93%, 15, 0, 11, 114.79, 9272320, 39, 2038, 0
1895, 461, 157, 160, 0, 0, 54.93%, 15, 0, 11, 1212.05, 9290058, 39, 2039, 0
1900, 461, 116, 160, 0, 0, 54.93%, 15, 0, 11, 4571.95, 9305998, 39, 2045, 0
1906, 461, 151, 160, 0, 0, 54.93%, 15, 0, 11, 5678.90, 9325914, 39, 2049, 0
1911, 461, 65, 160, 0, 0, 54.93%, 15, 0, 11, 6687.49, 9341083, 39, 2049, 0
1916, 462, 62, 160, 0, 0, 54.93%, 15, 0, 11, 4718.56, 9358855, 39, 2050, 0
1921, 462, 79, 160, 0, 0, 54.93%, 15, 0, 11, 5360.00, 9377196, 39, 2051, 0
1926, 462, 154, 160, 0, 0, 54.93%, 15, 0, 11, 2852.04, 9392139, 39, 2052, 0
1931, 462, 157, 160, 0, 0, 54.93%, 15, 0, 11, 546.26, 9404669, 39, 2054, 0
1936, 463, 150, 160, 0, 0, 54.93%, 15, 0, 11, 1690.04, 9414327, 39, 2055, 0
1941, 463, 22, 160, 0, 0, 54.93%, 15, 0, 11, 1656.38, 9429842, 39, 2060, 0
1946, 463, 20, 160, 0, 0, 54.93%, 15, 0, 11, 3777.77, 9444755, 39, 2063, 0
1952, 463, 154, 160, 0, 0, 54.93%, 15, 0, 11, 5135.46, 9460039, 39, 2065, 0
1957, 463, 150, 160, 0, 0, 54.93%, 15, 0, 11, 4353.76, 9478746, 39, 2068, 0
1962, 464, 136, 160, 0, 0, 54.93%, 15, 0, 11, 3222.77, 9488912, 39, 2068, 0
1967, 464, 151, 160, 0, 0, 54.93%, 15, 0, 11, 4181.99, 9505260, 39, 2072, 0
1972, 464, 156, 160, 0, 0, 54.93%, 15, 0, 11, 498.59, 9524955, 39, 2076, 0
1977, 464, 146, 160, 0, 0, 54.93%, 15, 0, 11, 5148.96, 9544961, 39, 2079, 0
1983, 465, 112, 160, 0, 0, 54.93%, 15, 0, 11, 4888.12, 9565556, 39, 2082, 0
1988, 465, 116, 160, 0, 0, 54.93%, 15, 0, 11, 3940.59, 9584031, 39, 2087, 0
1993, 465, 159, 160, 0, 0, 54.93%, 15, 0, 11, 101.72, 9599340, 39, 2091, 0
1998, 465, 141, 160, 0, 0, 54.93%, 15, 0, 11, 5914.67, 9612182, 39, 2092, 0
2003, 466, 145, 160, 0, 0, 54.93%, 15, 0, 11, 3455.84, 9629309, 39, 2096, 0
2008, 466, 146, 160, 0, 0, 54.93%, 15, 0, 11, 1191.53, 9644054, 39, 2097, 0
2014, 466, 148, 160, 0, 0, 54.93%, 15, 0, 11, 729.62, 9660836, 39, 2101, 0
2019, 467, 137, 160, 0, 0, 54.93%, 15, 0, 11, 4276.83, 9681808, 39, 2101, 0
2024, 467, 23, 160, 0, 0, 54.93%, 15, 0, 11, 5250.26, 9697764, 39, 2103, 0
2029, 467, 144, 160, 0, 0, 54.93%, 15, 0, 11, 3288.56, 9716176, 39, 2106, 0
2034, 467, 153, 160, 0, 0, 54.93%, 15, 0, 11, 6421.00, 9728640, 39, 2107, 0
2039, 467, 110, 160, 0, 0, 54.93%, 15, 0, 11, 4024.67, 9745531, 39, 2108, 0
2044, 468, 116, 160, 0, 0, 54.93%, 15, 0, 11, 3656.54, 9756729, 39, 2110, 0
2049, 468, 154, 160, 0, 0, 54.93%, 15, 0, 11, 4999.45, 9774751, 39, 2117, 0
2054, 468, 116, 160, 0, 0, 54.93%, 15, 0, 11, 2858.47, 9795044, 39, 2120, 0
2059, 468, 135, 160, 0, 0, 54.93%, 15, 0, 11, 6755.81, 9810374, 39, 2120, 0
2064, 469, 147, 160, 0, 0, 54.93%, 15, 0, 11, 6337.90, 9821078, 39, 2121, 0
2070, 469, 116, 160, 0, 0, 54.93%, 15, 0, 11, 3818.03, 9835552, 39, 2124, 0
2075, 469, 159, 160, 0, 0, 54.93%, 15, 0, 11, 186.38, 9849669, 39, 2127, 0
2080, 469, 155, 160, 0, 0, 54.93%, 15, 0, 11, 2887.56, 9862732, 39, 2129, 0
2085, 469, 37, 160, 0, 0, 54.93%, 15, 0, 11, 4303.81, 9884572, 39, 2136, 0
2090, 470, 127, 160, 0, 0, 54.93%, 15, 0, 11, 870.00, 9901034, 39, 2137, 0
2095, 470, 116, 160, 0, 0, 54.93%, 15, 0, 11, 4524.09, 9921350, 39, 2142, 0
2100, 470, 146, 160, 0, 0, 54.93%, 15, 0, 11, 3990.00, 9942339, 39, 2146, 0
2105, 471, 122, 160, 0, 0, 54.93%, 15, 0, 11, 3862.16, 9960352, 39, 2151, 0
2110, 471, 116, 160, 0, 0, 54.93%, 15, 0, 11, 8382.29, 9979604, 39, 2154, 0
2116, 471, 116, 160, 0, 0, 54.93%, 15, 0, 11, 2440.01, 9993754, 39, 2158, 0
2121, 471, 145, 160, 0, 0, 54.93%, 15, 0, 11, 3166.42, 10008757, 39, 2162, 0
2126, 472, 61, 160, 0, 0, 54.93%, 15, 0, 11, 6191.85, 10031199, 39, 2164, 0
2131, 472, 153, 160, 0, 0, 54.93%, 15, 0, 11, 6385.63, 10052699, 39, 2167, 0
2136, 472, 157, 160, 0, 0, 54.93%, 15, 0, 11, 416.41, 10062888, 39, 2167, 0
2141, 472, 158, 160, 0, 0, 54.93%, 15, 0, 11, 175.21, 10077626, 39, 2169, 0
2147, 473, 148, 160, 0, 0, 54.93%, 15, 0, 11, 3777.73, 10099088, 39, 2171, 0
2152, 473, 135, 160, 0, 0, 54.93%, 15, 0, 11, 2968.70, 10110163, 39, 2173, 0
2157, 473, 140, 160, 0, 0, 54.93%, 15, 0, 11, 2246.95, 10120678, 39, 2173, 0
2162, 473, 158, 160, 0, 0, 54.93%, 15, 0, 11, 717.37, 10141912, 39, 2175, 0
2167, 474, 146, 160, 0, 0, 54.93%, 15, 0, 11, 4172.38, 10162905, 39, 2179, 0
2172, 474, 116, 160, 0, 0, 54.93%, 15, 0, 11, 7164.18, 10174538, 39, 2186, 0
2177, 474, 116, 160, 0, 0, 54.93%, 15, 0, 11, 6071.41, 10198466, 39, 2189, 0
2183, 474, 116, 160, 0, 0, 54.93%, 15, 0, 11, 3936.09, 10221070, 39, 2194, 0
2188, 475, 146, 160, 0, 0, 54.93%, 15, 0, 11, 3967.42, 10231898, 39, 2196, 0
2193, 475, 136, 160, 0, 0, 54.93%, 15, 0, 11, 755.79, 10239729, 39, 2198, 0
2198, 475, 140, 160, 0, 0, 54.93%, 15, 0, 11, 1528.84, 10256848, 39, 2203, 0
2203, 475, 116, 160, 0, 0, 54.93%, 15, 0, 11, 1185.00, 10276390, 39, 2205, 0
2208, 475, 148, 160, 0, 0, 54.93%, 15, 0, 11, 3002.13, 10292828, 39, 2209, 0
2213, 476, 120, 160, 0, 0, 54.93%, 15, 0, 11, 4292.89, 10315669, 39, 2213, 0
2218, 476, 116, 160, 0, 0, 54.93%, 15, 0, 11, 2903.72, 10329424, 39, 2216, 0
2223, 476, 116, 160, 0, 0, 54.93%, 15, 0, 11, 4896.77, 10358462, 39, 2219, 0
2228, 476, 136, 160, 0, 0, 54.93%, 15, 0, 11, 1734.82, 10370998, 39, 2222, 0
2233, 477, 116, 160, 0, 0, 54.93%, 15, 0, 11, 419.91, 10380645, 39, 2223, 0
2238, 477, 149, 160, 0, 0, 54.93%, 15, 0, 11, 383.81, 10395282, 39, 2231, 0
2244, 477, 42, 160, 0, 0, 54.93%, 15, 0, 11, 8049.07, 10416264, 39, 2234, 0
2249, 477, 116, 160, 0, 0, 54.93%, 15, 0, 11, 3789.22, 10435669, 39, 2238, 0
2254, 478, 159, 160, 0, 0, 54.93%, 15, 0, 11, 875.61, 10449057, 39, 2238, 0
2259, 478, 139, 160, 0, 0, 54.93%, 15, 0, 11, 4551.16, 10462460, 39, 2241, 0
2264, 478, 62, 160, 0, 0, 54.93%, 15, 0, 11, 6032.67, 10481753, 39, 2241, 0
2269, 478, 65, 160, 0, 0, 54.93%, 15, 0, 11, 6360.29, 10498180, 39, 2244, 0
2274, 479, 124, 160, 0, 0, 54.93%, 15, 0, 11, 1825.00, 10513128, 39, 2244, 0
2279, 479, 141, 160, 0, 0, 54.93%, 15, 0, 11, 4951.60, 10527735, 39, 2244, 0
2284, 479, 142, 160, 0, 0, 54.93%, 15, 0, 11, 5089.11, 10538834, 39, 2247, 0
2289, 479, 150, 160, 0, 0, 54.93%, 15, 0, 11, 734.55, 10558436, 39, 2250, 0
2294, 479, 134, 160, 0, 0, 54.93%, 15, 0, 11, 3316.20, 10570742, 39, 2250, 0
2300, 480, 116, 160, 0, 0, 54.93%, 15, 0, 11, 5434.68, 10582648, 39, 2252, 0
2305, 480, 142, 160, 0, 0, 54.93%, 15, 0, 11, 1131.69, 10594406, 39, 2256, 0
2310, 480, 26, 160, 0, 0, 54.93%, 15, 0, 11, 688.80, 10608870, 39, 2257, 0
2315, 480, 116, 160, 0, 0, 54.93%, 15, 0, 11, 7052.14, 10631294, 39, 2263, 0
2320, 480, 149, 160, 0, 0, 54.93%, 15, 0, 11, 428.58, 10639274, 39, 2267, 0
2325, 480, 157, 160, 0, 0, 54.93%, 15, 0, 11, 776.70, 10648732, 39, 2269, 0
2330, 481, 157, 160, 0, 0, 54.93%, 15, 0, 11, 4237.37, 10665516, 39, 2273, 0
2335, 481, 159, 160, 0, 0, 54.93%, 15, 0, 11, 113.62, 10680152, 39, 2274, 0
2340, 481, 78, 160, 0, 0, 54.93%, 15, 0, 11, 1240.00, 10701088, 39, 2275, 0
2345, 481, 127, 160, 0, 0, 54.93%, 15, 0, 11, 1995.02, 10710644, 39, 2279, 0
2351, 482, 149, 160, 0, 0, 54.93%, 15, 0, 11, 498.63, 10728918, 39, 2281, 0
2356, 482, 130, 160, 0, 0, 54.93%, 15, 0, 11, 2446.01, 10737980, 39, 2283, 0
2361, 482, 149, 160, 0, 0, 54.93%, 15, 0, 11, 407.10, 10757015, 39, 2286, 0
2366, 482, 116, 160, 0, 0, 54.93%, 15, 0, 11, 5837.83, 10774854, 39, 2291, 0
2371, 483, 149, 160, 0, 0, 54.93%, 15, 0, 11, 719.43, 10792334, 39, 2295, 0
2376, 483, 123, 160, 0, 0, 54.93%, 15, 0, 11, 2300.85, 10807728, 39, 2298, 0
2381, 483, 45, 160, 0, 0, 54.93%, 15, 0, 11, 1750.00, 10826240, 39, 2304, 0
2386, 484, 116, 160, 0, 0, 54.93%, 15, 0, 11, 5405.93, 10848952, 39, 2307, 0
2391, 484, 149, 160, 0, 0, 54.93%, 15, 0, 11, 379.45, 10870026, 39, 2310, 0
2396, 484, 148, 160, 0, 0, 54.93%, 15, 0, 11, 752.34, 10881685, 39, 2311, 0
2401, 484, 159, 160, 0, 0, 54.93%, 15, 0, 11, 116.28, 10895042, 39, 2311, 0
2406, 484, 43, 160, 0, 0, 54.93%, 15, 0, 11, 5664.97, 10908731, 39, 2313, 0
2411, 485, 154, 160, 0, 0, 54.93%, 15, 0, 11, 3232.20, 10926170, 39, 2316, 0
2417, 485, 116, 160, 0, 0, 54.93%, 15, 0, 11, 4237.99, 10941705, 39, 2319, 0
2422, 485, 159, 160, 0, 0, 54.93%, 15, 0, 11, 260.39, 10953016, 39, 2323, 0
2427, 485, 142, 160, 0, 0, 54.93%, 15, 0, 11, 3698.32, 10972986, 39, 2324, 0
2432, 486, 116, 160, 0, 0, 54.93%, 15, 0, 11, 4450.00, 10991178, 39, 2325, 0
2437, 486, 116, 160, 0, 0, 54.93%, 15, 0, 11, 4353.86, 11008534, 39, 2329, 0
2442, 486, 112, 160, 0, 0, 54.93%, 15, 0, 11, 5460.53, 11022227, 39, 2331, 0
2447, 486, 116, 160, 0, 0, 54.93%, 15, 0, 11, 4038.15, 11039280, 39, 2334, 0
2452, 487, 22, 160, 0, 0, 54.93%, 15, 0, 11, 5046.27, 11064021, 39, 2334, 0
2457, 487, 116, 160, 0, 0, 54.93%, 15, 0, 11, 6912.81, 11083756, 39, 2334, 0
2463, 487, 153, 160, 0, 0, 54.93%, 15, 0, 11, 4596.24, 11095237, 39, 2335, 0
2468, 487, 116, 160, 0, 0, 54.93%, 15, 0, 11, 6146.10, 11117467, 39, 2340, 0
2473, 487, 124, 160, 0, 0, 54.93%, 15, 0, 11, 3534.36, 11135538, 39, 2345, 0
2478, 488, 78, 160, 0, 0, 54.93%, 15, 0, 11, 4008.54, 11152791, 39, 2347, 0
2483, 488, 159, 160, 0, 0, 54.93%, 15, 0, 11, 117.89, 11166086, 39, 2348, 0
2488, 488, 146, 160, 0, 0, 54.93%, 15, 0, 11, 3823.57, 11188330, 39, 2353, 0
2493, 489, 137, 160, 0, 0, 54.93%, 15, 0, 11, 4655.33, 11211168, 39, 2360, 0
2498, 489, 155, 160, 0, 0, 54.93%, 15, 0, 11, 967.68, 11224635, 39, 2362, 0
2503, 489, 159, 160, 0, 0, 54.93%, 15, 0, 11, 118.35, 11242354, 39, 2366, 0
2509, 489, 158, 160, 0, 0, 54.93%, 15, 0, 11, 165.52, 11261920, 39, 2368, 0
2514, 490, 142, 160, 0, 0, 54.93%, 15, 0, 11, 2497.13, 11278688, 39, 2371, 0
2519, 490, 141, 160, 0, 0, 54.93%, 15, 0, 11, 3157.08, 11295175, 39, 2376, 0
2524, 490, 154, 160, 0, 0, 54.93%, 15, 0, 11, 2653.89, 11313689, 39, 2379, 0
2529, 490, 140, 160, 0, 0, 54.93%, 15, 0, 11, 1530.07, 11326794, 39, 2380, 0
2534, 491, 146, 160, 0, 0, 54.93%, 15, 0, 11, 5647.68, 11342978, 39, 2386, 0
2539, 491, 159, 160, 0, 0, 54.93%, 15, 0, 11, 374.10, 11354073, 39, 2386, 0
2545, 491, 152, 160, 0, 0, 54.93%, 15, 0, 11, 6358.17, 11376860, 39, 2394, 0
2550, 491, 136, 160, 0, 0, 54.93%, 15, 0, 11, 5086.74, 11402236, 39, 2398, 0
2555, 492, 154, 160, 0, 0, 54.93%, 15, 0, 11, 248.59, 11413626, 39, 2400, 0
2560, 492, 115, 160, 0, 0, 54.93%, 15, 0, 11, 6078.09, 11430990, 39, 2401, 0
2565, 492, 144, 160, 0, 0, 54.93%, 15, 0, 11, 3312.85, 11443783, 39, 2402, 0
2570, 492, 156, 160, 0, 0, 54.93%, 15, 0, 11, 570.09, 11455208, 39, 2404, 0
2575, 492, 123, 160, 0, 0, 54.93%, 15, 0, 11, 3999.74, 11466166, 39, 2407, 0
2580, 493, 114, 160, 0, 0, 54.93%, 15, 0, 11, 3955.19, 11487442, 39, 2408, 0
2586, 493, 116, 160, 0, 0, 54.93%, 15, 0, 11, 3885.31, 11500004, 39, 2409, 0
2591, 493, 54, 160, 0, 0, 54.93%, 15, 0, 11, 499.65, 11511878, 39, 2414, 0
2596, 493, 90, 160, 0, 0, 54.93%, 15, 0, 11, 4185.23, 11530338, 39, 2416, 0
2601, 494, 54, 160, 0, 0, 54.93%, 15, 0, 11, 6835.00, 11546326, 39, 2419, 0
2606, 494, 159, 160, 0, 0, 54.93%, 15, 0, 11, 118.24, 11561412, 39, 2422, 0
2611, 494, 142, 160, 0, 0, 54.93%, 15, 0, 11, 4145.53, 11575275, 39, 2425, 0
2616, 494, 116, 160, 0, 0, 54.93%, 15, 0, 11, 5951.80, 11592931, 39, 2432, 0
2621, 495, 119, 160, 0, 0, 54.93%, 15, 0, 11, 5556.30, 11610240, 39, 2436, 0
2626, 495, 150, 160, 0, 0, 54.93%, 15, 0, 11, 397.52, 11627854, 39, 2438, 0
2631, 495, 149, 160, 0, 0, 54.93%, 15, 0, 11, 423.73, 11641084, 39, 2443, 0
2637, 495, 120, 160, 0, 0, 54.93%, 15, 0, 11, 6234.27, 11658878, 39, 2446, 0
2642, 496, 154, 160, 0, 0, 54.93%, 15, 0, 11, 615.80, 11674351, 39, 2447, 0
2647, 496, 152, 160, 0, 0, 54.93%, 15, 0, 11, 4816.28, 11696448, 39, 2450, 0
2652, 496, 110, 160, 0, 0, 54.93%, 15, 0, 11, 4639.73, 11714568, 39, 2452, 0
2657, 496, 144, 160, 0, 0, 54.93%, 15, 0, 11, 3984.26, 11733672, 39, 2455, 0
2662, 497, 151, 160, 0, 0, 54.93%, 15, 0, 11, 2258.89, 11751202, 39, 2456, 0
2667, 497, 37, 160, 0, 0, 54.93%, 15, 0, 11, 6765.00, 11760711, 39, 2458, 0
2672, 497, 145, 160, 0, 0, 54.93%, 15, 0, 11, 6898.49, 11776873, 39, 2459, 0
2678, 497, 152, 160, 0, 0, 54.93%, 15, 0, 11, 6103.62, 11793239, 39, 2463, 0
2683, 498, 62, 160, 0, 0, 54.93%, 15, 0, 11, 5488.25, 11809062, 39, 2464, 0
2688, 498, 155, 160, 0, 0, 54.93%, 15, 0, 11, 938.28, 11822690, 39, 2466, 0
2693, 498, 116, 160, 0, 0, 54.93%, 15, 0, 11, 4922.29, 11840551, 39, 2470, 0
2698, 498, 140, 160, 0, 0, 54.93%, 15, 0, 11, 5690.84, 11862057, 39, 2473, 0
2703, 498, 156, 160, 0, 0, 54.93%, 15, 0, 11, 656.54, 11870551, 39, 2474, 0
2708, 499, 156, 160, 0, 0, 54.93%, 15, 0, 11, 904.98, 11884219, 39, 2475, 0
2713, 499, 144, 160, 0, 0, 54.93%, 15, 0, 11, 710.00, 11897398, 39, 2476, 0
2718, 499, 140, 160, 0, 0, 54.93%, 15, 0, 11, 5152.79, 11917415, 39, 2479, 0
2723, 500, 150, 160, 0, 0, 54.93%, 15, 0, 11, 390.95, 11939656, 39, 2484, 0
2723, 500, 150, 160, 0, 0, 54.93%, 15, 0, 11, 0.00, 11939689, 39, 2484, 0
2729, 500, 148, 160, 0, 0, 54.93%, 15, 0, 11, 7662.78, 11958711, 39, 2491, 0
2734, 500, 159, 160, 0, 0, 54.93%, 15, 0, 11, 195.76, 11968134, 39, 2493, 0
2739, 500, 155, 160, 0, 0, 54.93%, 15, 0, 11, 925.74, 11988298, 39, 2498, 0
2744, 500, 159, 160, 0, 0, 54.93%, 15, 0, 11, 117.56, 12003934, 39, 2503, 0
2749, 501, 159, 160, 0, 0, 54.93%, 15, 0, 11, 119.35, 12025650, 39, 2507, 0
2754, 501, 159, 160, 0, 0, 54.93%, 15, 0, 11, 118.47, 12039984, 39, 2509, 0
2759, 501, 156, 160, 0, 0, 54.93%, 15, 0, 11, 547.29, 12056450, 39, 2513, 0
2764, 502, 158, 160, 0, 0, 54.93%, 15, 0, 11, 4324.48, 12075396, 39, 2520, 0
2770, 502, 159, 160, 0, 0, 54.93%, 15, 0, 11, 3658.73, 12086584, 39, 2523, 0
2775, 502, 116, 160, 0, 0, 54.93%, 15, 0, 11, 4745.02, 12106879, 39, 2524, 0
2780, 502, 116, 160, 0, 0, 54.93%, 15, 0, 11, 3169.94, 12127884, 39, 2526, 0
2785, 503, 133, 160, 0, 0, 54.93%, 15, 0, 11, 4640.00, 12149662, 39, 2526, 0
2791, 503, 152, 160, 0, 0, 54.93%, 15, 0, 11, 4842.56, 12173848, 39, 2531, 0
2796, 503, 159, 160, 0, 0, 54.93%, 15, 0, 11, 201.03, 12189424, 39, 2533, 0
2801, 503, 150, 160, 0, 0, 54.93%, 15, 0, 11, 2108.67, 12203840, 39, 2533, 0
2806, 504, 135, 160, 0, 0, 54.93%, 15, 0, 11, 6133.50, 12214624, 39, 2534, 0
2811, 504, 140, 160, 0, 0, 54.93%, 15, 0, 11, 4273.29, 12231611, 39, 2536, 0
2816, 504, 156, 160, 0, 0, 54.93%, 15, 0, 11, 927.76, 12242327, 39, 2537, 0
2821, 504, 116, 160, 0, 0, 54.93%, 15, 0, 11, 5681.72, 12263899, 39, 2543, 0
2827, 505, 116, 160, 0, 0, 54.93%, 15, 0, 11, 6008.66, 12282738, 39, 2544, 0
2832, 505, 145, 160, 0, 0, 54.93%, 15, 0, 11, 2511.05, 12299192, 39, 2546, 0
2837, 505, 67, 160, 0, 0, 54.93%, 15, 0, 11, 3421.48, 12307434, 39, 2549, 0
2842, 505, 114, 160, 0, 0, 54.93%, 15, 0, 11, 4337.34, 12329228, 39, 2555, 0
2847, 505, 123, 160, 0, 0, 54.93%, 15, 0, 11, 4725.68, 12346084, 39, 2556, 0
2852, 506, 155, 160, 0, 0, 54.93%, 15, 0, 11, 3662.34, 12365664, 39, 2558, 0
2857, 506, 153, 160, 0, 0, 54.93%, 15, 0, 11, 5588.07, 12380463, 39, 2561, 0
2862, 506, 153, 160, 0, 0, 54.93%, 15, 0, 11, 5117.19, 12394178, 39, 2561, 0
2867, 506, 157, 160, 0, 0, 54.93%, 15, 0, 11, 385.94, 12408889, 39, 2567, 0
2873, 507, 124, 160, 0, 0, 54.93%, 15, 0, 11, 6025.66, 12422590, 39, 2569, 0
2878, 507, 149, 160, 0, 0, 54.93%, 15, 0, 11, 6160.51, 12436326, 39, 2572, 0
2883, 507, 158, 160, 0, 0, 54.93%, 15, 0, 11, 172.89, 12447907, 39, 2575, 0
2888, 507, 125, 160, 0, 0, 54.93%, 15, 0, 11, 5795.47, 12461330, 39, 2578, 0
2893, 507, 123, 160, 0, 0, 54.93%, 15, 0, 11, 1122.78, 12472431, 39, 2580, 0
2899, 507, 121, 160, 0, 0, 54.93%, 15, 0, 11, 3141.52, 12479088, 39, 2582, 0
2904, 508, 111, 160, 0, 0, 54.93%, 15, 0, 11, 4969.98, 12502608, 39, 2586, 0
2909, 508, 149, 160, 0, 0, 54.93%, 15, 0, 11, 415.02, 12518528, 39, 2589, 0
2914, 508, 145, 160, 0, 0, 54.93%, 15, 0, 11, 1371.69, 12529272, 39, 2592, 0
2919, 508, 159, 160, 0, 0, 54.93%, 15, 0, 11, 123.04, 12535144, 39, 2592, 0
2924, 508, 149, 160, 0, 0, 54.93%, 15, 0, 11, 1108.01, 12539172, 39, 2592, 0
2929, 508, 154, 160, 0, 0, 54.93%, 15, 0, 11, 697.47, 12547096, 39, 2595, 0
2934, 509, 135, 160, 0, 0, 54.93%, 15, 0, 11, 1490.46, 12567342, 39, 2604, 0
2939, 509, 54, 160, 0, 0, 54.93%, 15, 0, 11, 6410.67, 12583993, 39, 2604, 0
2945, 509, 116, 160, 0, 0, 54.93%, 15, 0, 11, 4866.06, 12605880, 39, 2608, 0
2950, 509, 116, 160, 0, 0, 54.93%, 15, 0, 11, 6281.95, 12622107, 39, 2612, 0
2955, 510, 145, 160, 0, 0, 54.93%, 15, 0, 11, 5006.25, 12638454, 39, 2615, 0
2960, 510, 157, 160, 0, 0, 54.93%, 15, 0, 11, 4388.40, 12658440, 39, 2617, 0
2965, 510, 149, 160, 0, 0, 54.93%, 15, 0, 11, 642.05, 12678298, 39, 2621, 0
2970, 511, 130, 160, 0, 0, 54.93%, 15, 0, 11, 3232.82, 12696138, 39, 2621, 0
2976, 511, 149, 160, 0, 0, 54.93%, 15, 0, 11, 420.80, 12704392, 39, 2626, 0
2981, 511, 116, 160, 0, 0, 54.93%, 15, 0, 11, 5259.00, 12722252, 39, 2629, 0
2986, 511, 140, 160, 0, 0, 54.93%, 15, 0, 11, 5464.42, 12745986, 39, 2633, 0
2991, 511, 158, 160, 0, 0, 54.93%, 15, 0, 11, 897.23, 12766864, 39, 2633, 0
2997, 512, 37, 160, 0, 0, 54.93%, 15, 0, 11, 5660.49, 12782449, 39, 2635, 0
3002, 512, 141, 160, 0, 0, 54.93%, 15, 0, 11, 3176.69, 12795645, 39, 2635, 0
3007, 512, 140, 160, 0, 0, 54.93%, 15, 0, 11, 2940.00, 12812372, 39, 2638, 0
3012, 512, 159, 160, 0, 0, 54.93%, 15, 0, 11, 3400.71, 12830924, 39, 2641, 0
3017, 512, 149, 160, 0, 0, 54.93%, 15, 0, 11, 1292.88, 12842067, 39, 2641, 0
3022, 513, 155, 160, 0, 0, 54.93%, 15, 0, 11, 5791.23, 12858640, 39, 2648, 0
3027, 513, 154, 160, 0, 0, 54.93%, 15, 0, 11, 252.17, 12874638, 39, 2654, 0
3033, 513, 130, 160, 0, 0, 54.93%, 15, 0, 11, 6530.33, 12891277, 39, 2655, 0
3038, 513, 150, 160, 0, 0, 54.93%, 15, 0, 11, 6938.41, 12915259, 39, 2655, 0
3043, 514, 145, 160, 0, 0, 54.93%, 15, 0, 11, 5516.85, 12930807, 39, 2657, 0
3048, 514, 14, 160, 0, 0, 54.93%, 15, 0, 11, 888.15, 12953298, 39, 2661, 0
3053, 514, 116, 160, 0, 0, 54.93%, 15, 0, 11, 6200.47, 12974384, 39, 2663, 0
3058, 515, 113, 160, 0, 0, 54.93%, 15, 0, 11, 6968.93, 12999294, 39, 2666, 0
3063, 515, 116, 160, 0, 0, 54.93%, 15, 0, 11, 4116.82, 13014984, 39, 2669, 0
3068, 515, 158, 160, 0, 0, 54.93%, 15, 0, 11, 794.91, 13030662, 39, 2670, 0
3073, 515, 145, 160, 0, 0, 54.93%, 15, 0, 11, 4294.87, 13052093, 39, 2674, 0
3078, 516, 142, 160, 0, 0, 54.93%, 15, 0, 11, 4435.42, 13064398, 39, 2675, 0
3084, 516, 135, 160, 0, 0, 54.93%, 15, 0, 11, 5143.07, 13081095, 39, 2682, 0
3089, 516, 153, 160, 0, 0, 54.93%, 15, 0, 11, 4316.97, 13100695, 39, 2689, 0
3094, 517, 14, 160, 0, 0, 54.93%, 15, 0, 11, 4516.35, 13122217, 39, 2693, 0
3099, 517, 156, 160, 0, 0, 54.93%, 15, 0, 11, 551.40, 13143672, 39, 2696, 0
3104, 517, 150, 160, 0, 0, 54.93%, 15, 0, 11, 3612.97, 13157330, 39, 2697, 0
3109, 517, 71, 160, 0, 0, 54.93%, 15, 0, 11, 3778.95, 13177021, 39, 2699, 0
3115, 518, 116, 160, 0, 0, 54.93%, 15, 0, 11, 5769.07, 13201122, 39, 2704, 0
3120, 518, 151, 160, 0, 0, 54.93%, 15, 0, 11, 5334.98, 13215636, 39, 2704, 0
3125, 518, 147, 160, 0, 0, 54.93%, 15, 0, 11, 6183.11, 13232798, 39, 2707, 0
3130, 518, 150, 160, 0, 0, 54.93%, 15, 0, 11, 1482.10, 13245574, 39, 2710, 0
3135, 519, 50, 160, 0, 0, 54.93%, 15, 0, 11, 5492.54, 13261311, 39, 2712, 0
3140, 519, 116, 160, 0, 0, 54.93%, 15, 0, 11, 6805.24, 13278118, 39, 2714, 0
3145, 519, 65, 160, 0, 0, 54.93%, 15, 0, 11, 4239.77, 13292520, 39, 2720, 0
3150, 519, 140, 160, 0, 0, 54.93%, 15, 0, 11, 3898.83, 13307204, 39, 2725, 0
3156, 519, 125, 160, 0, 0, 54.93%, 15, 0, 11, 3439.77, 13322467, 39, 2727, 0
3161, 520, 146, 160, 0, 0, 54.93%, 15, 0, 11, 4044.00, 13337052, 39, 2731, 0
3166, 520, 115, 160, 0, 0, 54.93%, 15, 0, 11, 3676.87, 13355704, 39, 2735, 0
3171, 520, 157, 160, 0, 0, 54.93%, 15, 0, 11, 3500.04, 13373980, 39, 2737, 0
3176, 520, 116, 160, 0, 0, 54.93%, 15, 0, 11, 2474.25, 13382441, 39, 2739, 0
3181, 520, 150, 160, 0, 0, 54.93%, 15, 0, 11, 399.03, 13394052, 39, 2742, 0
3186, 521, 62, 160, 0, 0, 54.93%, 15, 0, 11, 3985.32, 13412427, 39, 2744, 0
3191, 521, 116, 160, 0, 0, 54.93%, 15, 0, 11, 5114.90, 13439488, 39, 2748, 0
3196, 521, 123, 160, 0, 0, 54.93%, 15, 0, 11, 5101.30, 13457853, 39, 2751, 0
3201, 521, 159, 160, 0, 0, 54.93%, 15, 0, 11, 116.32, 13466488, 39, 2755, 0
3206, 522, 132, 160, 0, 0, 54.93%, 15, 0, 11, 3847.91, 13489050, 39, 2757, 0
3211, 522, 71, 160, 0, 0, 54.93%, 15, 0, 11, 4266.87, 13498622, 39, 2760, 0
3217, 522, 112, 160, 0, 0, 54.93%, 15, 0, 11, 6146.59, 13513666, 39, 2765, 0
3222, 522, 158, 160, 0, 0, 54.93%, 15, 0, 11, 425.36, 13522644, 39, 2766, 0
3227, 522, 155, 160, 0, 0, 54.93%, 15, 0, 11, 5414.96, 13538718, 39, 2768, 0
3232, 523, 142, 160, 0, 0, 54.93%, 15, 0, 11, 1354.73, 13556394, 39, 2770, 0
3237, 523, 62, 160, 0, 0, 54.93%, 15, 0, 11, 4009.22, 13574364, 39, 2774, 0
3242, 523, 157, 160, 0, 0, 54.93%, 15, 0, 11, 413.97, 13584790, 39, 2779, 0
3247, 523, 142, 160, 0, 0, 54.93%, 15, 0, 11, 2190.96, 13600596, 39, 2783, 0
3252, 524, 148, 160, 0, 0, 54.93%, 15, 0, 11, 5062.30, 13618692, 39, 2784, 0
3257, 524, 122, 160, 0, 0, 54.93%, 15, 0, 11, 4610.90, 13634821, 39, 2788, 0
3262, 524, 157, 160, 0, 0, 54.93%, 15, 0, 11, 414.68, 13645724, 39, 2788, 0
3267, 524, 116, 160, 0, 0, 54.93%, 15, 0, 11, 5920.89, 13671670, 39, 2791, 0
3273, 525, 98, 160, 0, 0, 54.93%, 15, 0, 11, 6386.87, 13690245, 39, 2792, 0
3278, 525, 92, 160, 0, 0, 54.93%, 15, 0, 11, 5440.58, 13714874, 39, 2795, 0
3283, 525, 123, 160, 0, 0, 54.93%, 15, 0, 11, 6368.21, 13729674, 39, 2799, 0
3288, 526, 159, 160, 0, 0, 54.93%, 15, 0, 11, 110.92, 13745806, 39, 2800, 0
3293, 526, 145, 160, 0, 0, 54.93%, 15, 0, 11, 2115.57, 13755257, 39, 2801, 0
3298, 526, 159, 160, 0, 0, 54.93%, 15, 0, 11, 367.05, 13763068, 39, 2801, 0
3304, 526, 157, 160, 0, 0, 54.93%, 15, 0, 11, 410.85, 13781585, 39, 2804, 0
3309, 526, 78, 160, 0, 0, 54.93%, 15, 0, 11, 4120.00, 13786970, 39, 2807, 0
3314, 526, 116, 160, 0, 0, 54.93%, 15, 0, 11, 737.19, 13807252, 39, 2815, 0
3319, 527, 157, 160, 0, 0, 54.93%, 15, 0, 11, 419.79, 13821770, 39, 2816, 0
3324, 527, 159, 160, 0, 0, 54.93%, 15, 0, 11, 1102.43, 13833477, 39, 2817, 0
3329, 527, 144, 160, 0, 0, 54.93%, 15, 0, 11, 2907.17, 13847550, 39, 2820, 0
3334, 527, 120, 160, 0, 0, 54.93%, 15, 0, 11, 3818.09, 13863038, 39, 2821, 0
3339, 527, 136, 160, 0, 0, 54.93%, 15, 0, 11, 2691.99, 13873398, 39, 2826, 0
3345, 528, 62, 160, 0, 0, 54.93%, 15, 0, 11, 2772.97, 13889884, 39, 2831, 0
3350, 528, 122, 160, 0, 0, 54.93%, 15, 0, 11, 2705.62, 13909611, 39, 2837, 0
3355, 528, 136, 160, 0, 0, 54.93%, 15, 0, 11, 4687.88, 13924098, 39, 2839, 0
3360, 528, 157, 160, 0, 0, 54.93%, 15, 0, 11, 399.07, 13939289, 39, 2842, 0
3365, 529, 149, 160, 0, 0, 54.93%, 15, 0, 11, 398.83, 13951676, 39, 2845, 0
3370, 529, 23, 160, 0, 0, 54.93%, 15, 0, 11, 3752.70, 13968668, 39, 2847, 0
3375, 529, 116, 160, 0, 0, 54.93%, 15, 0, 11, 2390.19, 13985750, 39, 2856, 0
3380, 529, 155, 160, 0, 0, 54.93%, 15, 0, 11, 3256.65, 14003560, 39, 2857, 0
3385, 530, 157, 160, 0, 0, 54.93%, 15, 0, 11, 1241.57, 14020278, 39, 2859, 0
3391, 530, 150, 160, 0, 0, 54.93%, 15, 0, 11, 2394.44, 14031794, 39, 2861, 0
3396, 530, 116, 160, 0, 0, 54.93%, 15, 0, 11, 5956.78, 14049849, 39, 2866, 0
3401, 530, 149, 160, 0, 0, 54.93%, 15, 0, 11, 401.79, 14071062, 39, 2871, 0
3406, 531, 116, 160, 0, 0, 54.93%, 15, 0, 11, 1268.11, 14081110, 39, 2872, 0
3411, 531, 157, 160, 0, 0, 54.93%, 15, 0, 11, 6332.74, 14106365, 39, 2877, 0
3416, 531, 116, 160, 0, 0, 54.93%, 15, 0, 11, 1865.69, 14121534, 39, 2878, 0
3421, 531, 114, 160, 0, 0, 54.93%, 15, 0, 11, 4475.25, 14138576, 39, 2879, 0
3426, 532, 122, 160, 0, 0, 54.93%, 15, 0, 11, 5391.18, 14156131, 39, 2885, 0
3431, 532, 116, 160, 0, 0, 54.93%, 15, 0, 11, 7700.00, 14168695, 39, 2886, 0
3436, 532, 146, 160, 0, 0, 54.93%, 15, 0, 11, 3684.14, 14183678, 39, 2886, 0
3442, 532, 159, 160, 0, 0, 54.93%, 15, 0, 11, 117.41, 14197974, 39, 2889, 0
3447, 532, 97, 160, 0, 0, 54.93%, 15, 0, 11, 3148.34, 14218765, 39, 2892, 0
3452, 533, 116, 160, 0, 0, 54.93%, 15, 0, 11, 5932.34, 14235884, 39, 2897, 0
3457, 533, 154, 160, 0, 0, 54.93%, 15, 0, 11, 982.31, 14248527, 39, 2899, 0
3462, 533, 156, 160, 0, 0, 54.93%, 15, 0, 11, 5109.06, 14268573, 39, 2903, 0
3467, 533, 154, 160, 0, 0, 54.93%, 15, 0, 11, 1012.76, 14279249, 39, 2903, 0
3473, 534, 135, 160, 0, 0, 54.93%, 15, 0, 11, 4851.01, 14294054, 39, 2903, 0
3478, 534, 129, 160, 0, 0, 54.93%, 15, 0, 11, 5674.36, 14313838, 39, 2905, 0
3483, 534, 158, 160, 0, 0, 54.93%, 15, 0, 11, 179.14, 14330474, 39, 2908, 0
3488, 534, 157, 160, 0, 0, 54.93%, 15, 0, 11, 1209.77, 14344394, 39, 2913, 0
3493, 535, 19, 160, 0, 0, 54.93%, 15, 0, 11, 3255.80, 14360990, 39, 2917, 0
3498, 535, 151, 160, 0, 0, 54.93%, 15, 0, 11, 5374.69, 14378758, 39, 2917, 0
3503, 535, 144, 160, 0, 0, 54.93%, 15, 0, 11, 1695.51, 14393287, 39, 2919, 0
3508, 535, 78, 160, 0, 0, 54.93%, 15, 0, 11, 3593.65, 14412743, 39, 2920, 0
3513, 536, 124, 160, 0, 0, 54.93%, 15, 0, 11, 3849.10, 14433874, 39, 2922, 0
3518, 536, 30, 160, 0, 0, 54.93%, 15, 0, 11, 3248.02, 14447746, 39, 2925, 0
3524, 536, 147, 160, 0, 0, 54.93%, 15, 0, 11, 5998.50, 14471525, 39, 2925, 0
3529, 536, 159, 160, 0, 0, 54.93%, 15, 0, 11, 742.64, 14488967, 39, 2925, 0
3534, 537, 150, 160, 0, 0, 54.93%, 15, 0, 11, 392.73, 14507326, 39, 2927, 0
3539, 537, 37, 160, 0, 0, 54.93%, 15, 0, 11, 5568.33, 14523123, 39, 2929, 0
3544, 537, 22, 160, 0, 0, 54.93%, 15, 0, 11, 3113.70, 14533376, 39, 2931, 0
3549, 537, 159, 160, 0, 0, 54.93%, 15, 0, 11, 114.42, 14546748, 39, 2933, 0
3554, 537, 132, 160, 0, 0, 54.93%, 15, 0, 11, 3630.93, 14562499, 39, 2936, 0
3559, 538, 116, 160, 0, 0, 54.93%, 15, 0, 11, 4737.65, 14584300, 39, 2940, 0
3564, 538, 114, 160, 0, 0, 54.93%, 15, 0, 11, 5948.73, 14604080, 39, 2944, 0
3569, 538, 54, 160, 0, 0, 54.93%, 15, 0, 11, 595.76, 14615640, 39, 2944, 0
3574, 538, 157, 160, 0, 0, 54.93%, 15, 0, 11, 714.37, 14625636, 39, 2945, 0
3580, 538, 20, 160, 0, 0, 54.93%, 15, 0, 11, 657.35, 14634746, 39, 2948, 0
3585, 539, 116, 160, 0, 0, 54.93%, 15, 0, 11, 6940.00, 14651610, 39, 2950, 0
3590, 539, 158, 160, 0, 0, 54.93%, 15, 0, 11, 609.23, 14662114, 39, 2952, 0
3595, 539, 116, 160, 0, 0, 54.93%, 15, 0, 11, 4621.34, 14683272, 39, 2953, 0
3600, 539, 157, 160, 0, 0, 54.93%, 15, 0, 11, 408.72, 14701395, 39, 2956, 0
3605, 540, 110, 160, 0, 0, 54.93%, 15, 0, 11, 3554.41, 14717335, 39, 2958, 0
3610, 540, 141, 160, 0, 0, 54.93%, 15, 0, 11, 2600.00, 14733944, 39, 2962, 0
3615, 540, 145, 160, 0, 0, 54.93%, 15, 0, 11, 4601.94, 14747136, 39, 2964, 0
3621, 540, 54, 160, 0, 0, 54.93%, 15, 0, 11, 5476.76, 14773705, 39, 2967, 0
3626, 541, 116, 160, 0, 0, 54.93%, 15, 0, 11, 5441.90, 14795746, 39, 2972, 0
3631, 541, 54, 160, 0, 0, 54.93%, 15, 0, 11, 122.25, 14812986, 39, 2975, 0
3636, 541, 20, 160, 0, 0, 54.93%, 15, 0, 11, 5575.54, 14833667, 39, 2978, 0
3641, 542, 132, 160, 0, 0, 54.93%, 15, 0, 11, 1407.51, 14854142, 39, 2982, 0
3646, 542, 156, 160, 0, 0, 54.93%, 15, 0, 11, 535.96, 14874818, 39, 2987, 0
3652, 542, 154, 160, 0, 0, 54.93%, 15, 0, 11, 670.68, 14891018, 39, 2991, 0
3657, 542, 116, 160, 0, 0, 54.93%, 15, 0, 11, 4391.54, 14907447, 39, 2994, 0
3662, 543, 22, 160, 0, 0, 54.93%, 15, 0, 11, 5320.39, 14928497, 39, 3002, 0
3667, 543, 159, 160, 0, 0, 54.93%, 15, 0, 11, 923.35, 14943034, 39, 3003, 0
3672, 543, 20, 160, 0, 0, 54.93%, 15, 0, 11, 2460.49, 14953322, 39, 3004, 0
3677, 543, 159, 160, 0, 0, 54.93%, 15, 0, 11, 140.29, 14969942, 39, 3005, 0
3682, 544, 116, 160, 0, 0, 54.93%, 15, 0, 11, 5564.97, 14990337, 39, 3008, 0
3687, 544, 116, 160, 0, 0, 54.93%, 15, 0, 11, 5991.79, 15013107, 39, 3010, 0
3693, 544, 78, 160, 0, 0, 54.93%, 15, 0, 11, 3544.27, 15028164, 39, 3015, 0
3698, 545, 140, 160, 0, 0, 54.93%, 15, 0, 11, 4011.22, 15051461, 39, 3021, 0
3703, 545, 139, 160, 0, 0, 54.93%, 15, 0, 11, 4672.41, 15073308, 39, 3026, 0
3708, 545, 155, 160, 0, 0, 54.93%, 15, 0, 11, 1482.90, 15081146, 39, 3028, 0
3713, 545, 145, 160, 0, 0, 54.93%, 15, 0, 11, 3306.37, 15093381, 39, 3032, 0
3718, 545, 158, 160, 0, 0, 54.93%, 15, 0, 11, 177.83, 15106604, 39, 3036, 0
3724, 546, 154, 160, 0, 0, 54.93%, 15, 0, 11, 301.97, 15119351, 39, 3037, 0
3729, 546, 158, 160, 0, 0, 54.93%, 15, 0, 11, 2232.75, 15136643, 39, 3040, 0
3734, 546, 128, 160, 0, 0, 54.93%, 15, 0, 11, 3573.58, 15151872, 39, 3042, 0
3739, 546, 116, 160, 0, 0, 54.93%, 15, 0, 11, 7105.00, 15163660, 39, 3044, 0
3744, 547, 91, 160, 0, 0, 54.93%, 15, 0, 11, 2747.96, 15184341, 39, 3047, 0
3749, 547, 22, 160, 0, 0, 54.93%, 15, 0, 11, 3916.56, 15199493, 39, 3048, 0
3755, 547, 154, 160, 0, 0, 54.93%, 15, 0, 11, 4415.63, 15222056, 39, 3054, 0
3760, 547, 114, 160, 0, 0, 54.93%, 15, 0, 11, 4006.42, 15241512, 39, 3059, 0
3765, 548, 116, 160, 0, 0, 54.93%, 15, 0, 11, 3831.43, 15260554, 39, 3065, 0
3770, 548, 158, 160, 0, 0, 54.93%, 15, 0, 11, 685.88, 15278703, 39, 3065, 0
3775, 548, 159, 160, 0, 0, 54.93%, 15, 0, 11, 114.23, 15291068, 39, 3068, 0
3780, 548, 159, 160, 0, 0, 54.93%, 15, 0, 11, 118.64, 15304482, 39, 3072, 0
3785, 548, 151, 160, 0, 0, 54.93%, 15, 0, 11, 4951.13, 15319165, 39, 3073, 0
3790, 549, 155, 160, 0, 0, 54.93%, 15, 0, 11, 3971.85, 15338194, 39, 3079, 0
3795, 549, 158, 160, 0, 0, 54.93%, 15, 0, 11, 175.39, 15348650, 39, 3080, 0
3800, 549, 123, 160, 0, 0, 54.93%, 15, 0, 11, 5223.93, 15364638, 39, 3084, 0
3806, 549, 116, 160, 0, 0, 54.93%, 15, 0, 11, 5066.26, 15389344, 39, 3088, 0
3811, 550, 139, 160, 0, 0, 54.93%, 15, 0, 11, 5485.16, 15411075, 39, 3089, 0
3816, 550, 154, 160, 0, 0, 54.93%, 15, 0, 11, 3139.24, 15430549, 39, 3092, 0
3821, 550, 148, 160, 0, 0, 54.93%, 15, 0, 11, 780.00, 15444847, 39, 3096, 0
3826, 550, 116, 160, 0, 0, 54.93%, 15, 0, 11, 2293.54, 15457017, 39, 3097, 0
3831, 551, 116, 160, 0, 0, 54.93%, 15, 0, 11, 5244.31, 15478131, 39, 3100, 0
3836, 551, 116, 160, 0, 0, 54.93%, 15, 0, 11, 3332.69, 15495318, 39, 3105, 0
3841, 551, 116, 160, 0, 0, 54.93%, 15, 0, 11, 1980.04, 15510341, 39, 3108, 0
3847, 551, 148, 160, 0, 0, 54.93%, 15, 0, 11, 742.47, 15523414, 39, 3111, 0
3852, 552, 122, 160, 0, 0, 54.93%, 15, 0, 11, 4839.34, 15543292, 39, 3113, 0
3857, 552, 153, 160, 0, 0, 54.93%, 15, 0, 11, 3014.89, 15558602, 39, 3116, 0
3862, 552, 29, 160, 0, 0, 54.93%, 15, 0, 11, 4024.33, 15578834, 39, 3121, 0
3867, 552, 133, 160, 0, 0, 54.93%, 15, 0, 11, 4649.04, 15593786, 39, 3124, 0
3872, 553, 135, 160, 0, 0, 54.93%, 15, 0, 11, 5160.22, 15615369, 39, 3127, 0
3877, 553, 123, 160, 0, 0, 54.93%, 15, 0, 11, 1500.00, 15625610, 39, 3132, 0
3882, 553, 54, 160, 0, 0, 54.93%, 15, 0, 11, 2070.00, 15634650, 39, 3136, 0
3887, 553, 140, 160, 0, 0, 54.93%, 15, 0, 11, 4655.80, 15653989, 39, 3139, 0
3893, 553, 150, 160, 0, 0, 54.93%, 15, 0, 11, 1003.43, 15671451, 39, 3142, 0
3898, 554, 153, 160, 0, 0, 54.93%, 15, 0, 11, 3886.26, 15690588, 39, 3145, 0
3903, 554, 157, 160, 0, 0, 54.93%, 15, 0, 11, 410.26, 15707254, 39, 3149, 0
3908, 554, 22, 160, 0, 0, 54.93%, 15, 0, 11, 4524.05, 15723291, 39, 3150, 0
3913, 555, 20, 160, 0, 0, 54.93%, 15, 0, 11, 5255.33, 15752008, 39, 3155, 0
3918, 555, 148, 160, 0, 0, 54.93%, 15, 0, 11, 4791.43, 15772638, 39, 3158, 0
3923, 555, 108, 160, 0, 0, 54.93%, 15, 0, 11, 4450.66, 15788114, 39, 3161, 0
3928, 555, 116, 160, 0, 0, 54.93%, 15, 0, 11, 2014.20, 15803595, 39, 3163, 0
3933, 556, 152, 160, 0, 0, 54.93%, 15, 0, 11, 4677.97, 15821748, 39, 3164, 0
3938, 556, 116, 160, 0, 0, 54.93%, 15, 0, 11, 6199.41, 15839470, 39, 3165, 0
3944, 556, 147, 160, 0, 0, 54.93%, 15, 0, 11, 4665.07, 15861162, 39, 3165, 0
3949, 556, 140, 160, 0, 0, 54.93%, 15, 0, 11, 4420.97, 15884058, 39, 3169, 0
3954, 557, 136, 160, 0, 0, 54.93%, 15, 0, 11, 5184.64, 15903952, 39, 3172, 0
3959, 557, 156, 160, 0, 0, 54.93%, 15, 0, 11, 4547.48, 15925168, 39, 3175, 0
3964, 557, 140, 160, 0, 0, 54.93%, 15, 0, 11, 3497.77, 15942720, 39, 3176, 0
3969, 558, 125, 160, 0, 0, 54.93%, 15, 0, 11, 3512.50, 15958650, 39, 3178, 0
3974, 558, 157, 160, 0, 0, 54.93%, 15, 0, 11, 421.57, 15971976, 39, 3181, 0
3980, 558, 159, 160, 0, 0, 54.93%, 15, 0, 11, 1083.48, 15988250, 39, 3185, 0
3985, 558, 159, 160, 0, 0, 54.93%, 15, 0, 11, 118.75, 15999826, 39, 3186, 0
3990, 558, 130, 160, 0, 0, 54.93%, 15, 0, 11, 1981.08, 16012440, 39, 3188, 0
3996, 558, 156, 160, 0, 0, 54.93%, 15, 0, 11, 550.16, 16020440, 39, 3190, 0
4002, 559, 159, 160, 0, 0, 54.93%, 15, 0, 11, 905.14, 16034640, 39, 3191, 0
4007, 559, 111, 160, 0, 0, 54.93%, 15, 0, 11, 4677.31, 16047423, 39, 3195, 0
4012, 559, 159, 160, 0, 0, 54.93%, 15, 0, 11, 4138.10, 16066172, 39, 3200, 0
4017, 559, 154, 160, 0, 0, 54.93%, 15, 0, 11, 3107.91, 16080873, 39, 3201, 0
4022, 560, 20, 160, 0, 0, 54.93%, 15, 0, 11, 5825.32, 16097833, 39, 3203, 0
4027, 560, 158, 160, 0, 0, 54.93%, 15, 0, 11, 4441.11, 16118718, 39, 3207, 0
4033, 560, 14, 160, 0, 0, 54.93%, 15, 0, 11, 4010.22, 16137355, 39, 3210, 0
4038, 560, 138, 160, 0, 0, 54.93%, 15, 0, 11, 4286.21, 16153786, 39, 3212, 0
4043, 561, 153, 160, 0, 0, 54.93%, 15, 0, 11, 3244.47, 16168252, 39, 3213, 0
4048, 561, 3, 160, 0, 0, 54.93%, 15, 0, 11, 5130.00, 16182330, 39, 3216, 0
4053, 561, 156, 160, 0, 0, 54.93%, 15, 0, 11, 6104.33, 16199899, 39, 3220, 0
4058, 561, 78, 160, 0, 0, 54.93%, 15, 0, 11, 1964.01, 16216166, 39, 3227, 0
4063, 562, 153, 160, 0, 0, 54.93%, 15, 0, 11, 6992.41, 16232224, 39, 3230, 0
4068, 562, 119, 160, 0, 0, 54.93%, 15, 0, 11, 991.90, 16248779, 39, 3232, 0
4073, 562, 144, 160, 0, 0, 54.93%, 15, 0, 11, 2545.49, 16262026, 39, 3235, 0
4073, 562, 144, 160, 0, 0, 54.93%, 15, 0, 11, 0.00, 16262162, 39, 3235, 0
4079, 562, 116, 160, 0, 0, 54.93%, 15, 0, 11, 5842.86, 16284854, 39, 3242, 0
4084, 563, 70, 160, 0, 0, 54.93%, 15, 0, 11, 4839.23, 16306288, 39, 3244, 0
4089, 563, 43, 160, 0, 0, 54.93%, 15, 0, 11, 3234.59, 16327654, 39, 3246, 0
4094, 563, 157, 160, 0, 0, 54.93%, 15, 0, 11, 415.27, 16346638, 39, 3249, 0
4099, 563, 136, 160, 0, 0, 54.93%, 15, 0, 11, 5182.69, 16365130, 39, 3255, 0
4104, 564, 132, 160, 0, 0, 54.93%, 15, 0, 11, 5073.08, 16388816, 39, 3261, 0
4109, 564, 154, 160, 0, 0, 54.93%, 15, 0, 11, 4188.85, 16402225, 39, 3262, 0
4115, 564, 159, 160, 0, 0, 54.93%, 15, 0, 11, 934.65, 16424464, 39, 3267, 0
4120, 564, 65, 160, 0, 0, 54.93%, 15, 0, 11, 3023.60, 16437915, 39, 3268, 0
4125, 565, 116, 160, 0, 0, 54.93%, 15, 0, 11, 2050.60, 16449815, 39, 3271, 0
4130, 565, 125, 160, 0, 0, 54.93%, 15, 0, 11, 3931.15, 16467151, 39, 3276, 0
4136, 565, 116, 160, 0, 0, 54.93%, 15, 0, 11, 6440.00, 16478435, 39, 3277, 0
4141, 565, 121, 160, 0, 0, 54.93%, 15, 0, 11, 3204.65, 16495489, 39, 3282, 0
4146, 566, 124, 160, 0, 0, 54.93%, 15, 0, 11, 3324.91, 16512912, 39, 3284, 0
4151, 566, 159, 160, 0, 0, 54.93%, 15, 0, 11, 4223.80, 16528170, 39, 3285, 0
4156, 566, 156, 160, 0, 0, 54.93%, 15, 0, 11, 2119.81, 16536206, 39, 3285, 0
4161, 566, 150, 160, 0, 0, 54.93%, 15, 0, 11, 400.36, 16551891, 39, 3287, 0
4166, 566, 116, 160, 0, 0, 54.93%, 15, 0, 11, 5626.70, 16575687, 39, 3294, 0
4172, 567, 157, 160, 0, 0, 54.93%, 15, 0, 11, 270.98, 16594615, 39, 3302, 0
4177, 567, 158, 160, 0, 0, 54.93%, 15, 0, 11, 4473.68, 16617294, 39, 3302, 0
4182, 567, 88, 160, 0, 0, 54.93%, 15, 0, 11, 1742.31, 16627562, 39, 3303, 0
4187, 567, 122, 160, 0, 0, 54.93%, 15, 0, 11, 5152.94, 16644030, 39, 3307, 0
4192, 568, 148, 160, 0, 0, 54.93%, 15, 0, 11, 3203.72, 16656938, 39, 3310, 0
4197, 568, 152, 160, 0, 0, 54.93%, 15, 0, 11, 3073.70, 16674837, 39, 3313, 0
4202, 568, 159, 160, 0, 0, 54.93%, 15, 0, 11, 118.54, 16682740, 39, 3316, 0
4207, 568, 142, 160, 0, 0, 54.93%, 15, 0, 11, 567.01, 16697404, 39, 3320, 0
4212, 568, 116, 160, 0, 0, 54.93%, 15, 0, 11, 4891.83, 16714892, 39, 3322, 0
4217, 569, 140, 160, 0, 0, 54.93%, 15, 0, 11, 1660.75, 16739732, 39, 3325, 0
4223, 569, 78, 160, 0, 0, 54.93%, 15, 0, 11, 7864.69, 16754901, 39, 3328, 0
4228, 569, 154, 160, 0, 0, 54.93%, 15, 0, 11, 2428.83, 16776442, 39, 3335, 0
4233, 570, 78, 160, 0, 0, 54.93%, 15, 0, 11, 815.11, 16787113, 39, 3337, 0
4238, 570, 153, 160, 0, 0, 54.93%, 15, 0, 11, 2030.16, 16800160, 39, 3339, 0
4243, 570, 140, 160, 0, 0, 54.93%, 15, 0, 11, 3537.49, 16821021, 39, 3342, 0
4248, 570, 116, 160, 0, 0, 54.93%, 15, 0, 11, 6943.05, 16841080, 39, 3346, 0
4253, 570, 154, 160, 0, 0, 54.93%, 15, 0, 11, 5376.88, 16853079, 39, 3348, 0
4258, 571, 116, 160, 0, 0, 54.93%, 15, 0, 11, 5431.50, 16865755, 39, 3350, 0
4263, 571, 14, 160, 0, 0, 54.93%, 15, 0, 11, 5784.72, 16885536, 39, 3354, 0
4269, 571, 148, 160, 0, 0, 54.93%, 15, 0, 11, 2199.06, 16898330, 39, 3354, 0
4274, 571, 159, 160, 0, 0, 54.93%, 15, 0, 11, 468.53, 16913746, 39, 3357, 0
4279, 571, 154, 160, 0, 0, 54.93%, 15, 0, 11, 243.35, 16920224, 39, 3358, 0
4284, 572, 71, 160, 0, 0, 54.93%, 15, 0, 11, 2380.00, 16933410, 39, 3359, 0
4289, 572, 118, 160, 0, 0, 54.93%, 15, 0, 11, 1134.03, 16950447, 39, 3364, 0
4295, 572, 159, 160, 0, 0, 54.93%, 15, 0, 11, 199.04, 16964640, 39, 3365, 0
4301, 572, 20, 160, 0, 0, 54.93%, 15, 0, 11, 4810.73, 16979122, 39, 3365, 0
4306, 573, 125, 160, 0, 0, 54.93%, 15, 0, 11, 4833.74, 17000150, 39, 3367, 0
4311, 573, 116, 160, 0, 0, 54.93%, 15, 0, 11, 3368.30, 17016107, 39, 3375, 0
4316, 573, 149, 160, 0, 0, 54.93%, 15, 0, 11, 3007.37, 17031038, 39, 3375, 0
4321, 573, 148, 160, 0, 0, 54.93%, 15, 0, 11, 717.88, 17047402, 39, 3377, 0
4326, 574, 154, 160, 0, 0, 54.93%, 15, 0, 11, 3479.25, 17064094, 39, 3382, 0
4331, 574, 17, 160, 0, 0, 54.93%, 15, 0, 11, 4589.31, 17087920, 39, 3385, 0
4336, 574, 116, 160, 0, 0, 54.93%, 15, 0, 11, 4873.14, 17104716, 39, 3387, 0
4342, 574, 122, 160, 0, 0, 54.93%, 15, 0, 11, 5651.10, 17124738, 39, 3393, 0
4347, 575, 116, 160, 0, 0, 54.93%, 15, 0, 11, 7377.59, 17141006, 39, 3395, 0
4352, 575, 132, 160, 0, 0, 54.93%, 15, 0, 11, 4632.87, 17151370, 39, 3395, 0
4357, 575, 62, 160, 0, 0, 54.93%, 15, 0, 11, 277.91, 17167064, 39, 3399, 0
4362, 575, 154, 160, 0, 0, 54.93%, 15, 0, 11, 1050.07, 17184272, 39, 3407, 0
4367, 576, 140, 160, 0, 0, 54.93%, 15, 0, 11, 2830.00, 17193594, 39, 3408, 0
4372, 576, 151, 160, 0, 0, 54.93%, 15, 0, 11, 3148.42, 17209842, 39, 3411, 0
4377, 576, 148, 160, 0, 0, 54.93%, 15, 0, 11, 779.22, 17227733, 39, 3413, 0
4383, 576, 123, 160, 0, 0, 54.93%, 15, 0, 11, 7587.46, 17242925, 39, 3414, 0
4388, 576, 159, 160, 0, 0, 54.93%, 15, 0, 11, 390.87, 17255244, 39, 3421, 0
4393, 577, 154, 160, 0, 0, 54.93%, 15, 0, 11, 244.98, 17270840, 39, 3425, 0
4398, 577, 124, 160, 0, 0, 54.93%, 15, 0, 11, 2820.34, 17284308, 39, 3426, 0
4403, 577, 153, 160, 0, 0, 54.93%, 15, 0, 11, 5147.49, 17299818, 39, 3427, 0
4408, 577, 150, 160, 0, 0, 54.93%, 15, 0, 11, 397.59, 17311981, 39, 3431, 0
4413, 577, 78, 160, 0, 0, 54.93%, 15, 0, 11, 1035.37, 17325188, 39, 3431, 0
4418, 578, 159, 160, 0, 0, 54.93%, 15, 0, 11, 113.15, 17334082, 39, 3431, 0
4424, 578, 116, 160, 0, 0, 54.93%, 15, 0, 11, 4982.75, 17351771, 39, 3433, 0
4429, 578, 154, 160, 0, 0, 54.93%, 15, 0, 11, 239.58, 17369818, 39, 3436, 0
4434, 578, 135, 160, 0, 0, 54.93%, 15, 0, 11, 3159.00, 17385833, 39, 3444, 0
4439, 579, 123, 160, 0, 0, 54.93%, 15, 0, 11, 5465.69, 17399462, 39, 3445, 0
4444, 579, 148, 160, 0, 0, 54.93%, 15, 0, 11, 773.84, 17418852, 39, 3446, 0
4449, 579, 157, 160, 0, 0, 54.93%, 15, 0, 11, 401.88, 17434888, 39, 3448, 0
4454, 579, 132, 160, 0, 0, 54.93%, 15, 0, 11, 2602.21, 17448709, 39, 3449, 0
4460, 580, 159, 160, 0, 0, 54.93%, 15, 0, 11, 3935.82, 17468744, 39, 3453, 0
4465, 580, 116, 160, 0, 0, 54.93%, 15, 0, 11, 7186.61, 17486652, 39, 3457, 0
4470, 580, 135, 160, 0, 0, 54.93%, 15, 0, 11, 4080.15, 17500604, 39, 3460, 0
4476, 580, 71, 160, 0, 0, 54.93%, 15, 0, 11, 5823.60, 17523761, 39, 3461, 0
4481, 581, 23, 160, 0, 0, 54.93%, 15, 0, 11, 2385.00, 17541659, 39, 3465, 0
4486, 581, 62, 160, 0, 0, 54.93%, 15, 0, 11, 1510.95, 17562872, 39, 3470, 0
4491, 581, 130, 160, 0, 0, 54.93%, 15, 0, 11, 4442.15, 17586424, 39, 3471, 0
4492, 581, 159, 160, 0, 0, 54.93%, 15, 0, 11, 4260.13, 17587423, 39, 3471, 0
