# relative_time, cycles_done, cur_item, corpus_count, pending_total, pending_favs, map_size, saved_crashes, saved_hangs, max_depth, execs_per_sec, total_execs, edges_found, total_crashes, servers_count
61, 114, 2, 4, 0, 0, 30.95%, 1, 0, 2, 1164.50, 70817, 13, 8, 0
66, 124, 2, 4, 0, 0, 30.95%, 1, 0, 2, 1128.17, 76413, 13, 8, 0
71, 133, 2, 4, 0, 0, 30.95%, 1, 0, 2, 1120.29, 81991, 13, 8, 0
76, 143, 1, 4, 0, 0, 30.95%, 1, 0, 2, 1148.67, 87991, 13, 8, 0
81, 150, 2, 4, 0, 0, 30.95%, 1, 0, 2, 1174.10, 92271, 13, 9, 0
86, 160, 1, 4, 0, 0, 30.95%, 1, 0, 2, 1156.38, 98117, 13, 10, 0
91, 170, 3, 4, 0, 0, 30.95%, 1, 0, 2, 1169.47, 104117, 13, 10, 0
96, 180, 3, 4, 0, 0, 30.95%, 1, 0, 2, 1173.34, 110117, 13, 11, 0
102, 190, 2, 4, 0, 0, 30.95%, 1, 0, 2, 1127.72, 115947, 13, 11, 0
107, 200, 2, 4, 0, 0, 30.95%, 1, 0, 2, 1165.79, 121917, 13, 11, 0
112, 210, 1, 4, 0, 0, 30.95%, 1, 0, 2, 1171.99, 127871, 13, 11, 0
117, 220, 2, 4, 0, 0, 30.95%, 1, 0, 2, 1174.61, 133871, 13, 11, 0
122, 230, 2, 4, 0, 0, 30.95%, 1, 0, 2, 1175.09, 139848, 13, 11, 0
127, 239, 1, 4, 0, 0, 30.95%, 1, 0, 2, 1174.14, 145817, 13, 11, 0
132, 250, 3, 4, 0, 0, 30.95%, 1, 0, 2, 1190.68, 151917, 13, 12, 0
137, 260, 1, 4, 0, 0, 30.95%, 1, 0, 2, 1176.28, 157894, 13, 14, 0
142, 270, 0, 4, 0, 0, 30.95%, 1, 0, 2, 1173.48, 163894, 13, 14, 0
147, 280, 2, 4, 0, 0, 30.95%, 1, 0, 2, 1174.10, 169894, 13, 16, 0
152, 290, 1, 4, 0, 0, 30.95%, 1, 0, 2, 1174.49, 175871, 13, 16, 0
158, 300, 0, 4, 0, 0, 30.95%, 1, 0, 2, 1172.57, 181848, 13, 16, 0
163, 310, 2, 4, 0, 0, 30.95%, 1, 0, 2, 1170.92, 187848, 13, 17, 0
168, 320, 1, 4, 0, 0, 30.95%, 1, 0, 2, 1172.76, 193848, 13, 19, 0
173, 329, 2, 4, 0, 0, 30.95%, 1, 0, 2, 1171.68, 199817, 13, 19, 0
178, 339, 2, 4, 0, 0, 30.95%, 1, 0, 2, 1172.78, 205817, 13, 20, 0
183, 347, 1, 4, 0, 0, 30.95%, 1, 0, 2, 1171.31, 210248, 13, 20, 0
188, 357, 1, 4, 0, 0, 30.95%, 1, 0, 2, 1172.07, 216248, 13, 21, 0
193, 367, 2, 4, 0, 0, 30.95%, 1, 0, 2, 1169.48, 222194, 13, 21, 0
198, 377, 0, 4, 0, 0, 30.95%, 1, 0, 2, 1171.73, 228148, 13, 22, 0
204, 387, 1, 4, 0, 0, 30.95%, 1, 0, 2, 1173.01, 234171, 13, 23, 0
209, 397, 2, 4, 0, 0, 30.95%, 1, 0, 2, 1174.23, 240171, 13, 23, 0
214, 407, 2, 4, 0, 0, 30.95%, 1, 0, 2, 1175.33, 246171, 13, 23, 0
219, 417, 1, 4, 0, 0, 30.95%, 1, 0, 2, 1173.44, 252148, 13, 24, 0
224, 427, 2, 4, 0, 0, 30.95%, 1, 0, 2, 1173.03, 258094, 13, 24, 0
229, 437, 0, 4, 0, 0, 30.95%, 1, 0, 2, 1173.28, 264094, 13, 24, 0
234, 446, 2, 4, 0, 0, 30.95%, 1, 0, 2, 1180.36, 269671, 13, 25, 0
239, 456, 1, 4, 0, 0, 30.95%, 1, 0, 2, 1170.73, 275617, 13, 25, 0
244, 466, 1, 4, 0, 0, 30.95%, 1, 0, 2, 1173.46, 281617, 13, 25, 0
249, 476, 1, 4, 0, 0, 30.95%, 1, 0, 2, 1175.73, 287617, 13, 25, 0
254, 486, 2, 4, 0, 0, 30.95%, 1, 0, 2, 1172.53, 293617, 13, 25, 0
260, 496, 1, 4, 0, 0, 30.95%, 2, 0, 2, 1169.72, 299617, 13, 28, 0
265, 506, 1, 4, 0, 0, 30.95%, 2, 0, 2, 1167.11, 305571, 13, 29, 0
270, 516, 1, 4, 0, 0, 30.95%, 2, 0, 2, 1175.10, 311794, 13, 30, 0
275, 526, 2, 4, 0, 0, 30.95%, 2, 0, 2, 1172.17, 317794, 13, 30, 0
280, 536, 0, 4, 0, 0, 30.95%, 2, 0, 2, 1172.11, 323794, 13, 31, 0
285, 546, 1, 4, 0, 0, 30.95%, 2, 0, 2, 1170.74, 329794, 13, 31, 0
290, 556, 2, 4, 0, 0, 30.95%, 2, 0, 2, 1167.43, 335794, 13, 32, 0
296, 566, 2, 4, 0, 0, 30.95%, 2, 0, 2, 1170.90, 341794, 13, 33, 0
301, 576, 2, 4, 0, 0, 30.95%, 2, 0, 2, 1167.29, 347748, 13, 33, 0
306, 585, 2, 4, 0, 0, 30.95%, 2, 0, 2, 52.88, 352848, 13, 33, 0
312, 594, 1, 4, 0, 0, 30.95%, 2, 0, 2, 1172.52, 358794, 13, 35, 0
317, 604, 1, 4, 0, 0, 30.95%, 2, 0, 2, 1171.14, 364794, 13, 35, 0
322, 614, 1, 4, 0, 0, 30.95%, 2, 0, 2, 1167.46, 370794, 13, 36, 0
327, 624, 1, 4, 0, 0, 30.95%, 2, 0, 2, 1169.92, 376794, 13, 36, 0
332, 635, 1, 4, 0, 0, 30.95%, 2, 0, 2, 1170.59, 382848, 13, 36, 0
337, 644, 1, 4, 0, 0, 30.95%, 2, 0, 2, 1171.76, 388817, 13, 39, 0
342, 654, 1, 4, 0, 0, 30.95%, 2, 0, 2, 1171.13, 394794, 13, 39, 0
347, 664, 1, 4, 0, 0, 30.95%, 2, 0, 2, 1170.18, 400748, 13, 39, 0
352, 674, 1, 4, 0, 0, 30.95%, 2, 0, 2, 1170.61, 406717, 13, 39, 0
358, 684, 1, 4, 0, 0, 30.95%, 2, 0, 2, 1170.45, 412717, 13, 40, 0
363, 694, 1, 4, 0, 0, 30.95%, 2, 0, 2, 1171.83, 418717, 13, 41, 0
368, 704, 3, 4, 0, 0, 30.95%, 2, 0, 2, 1170.63, 424694, 13, 41, 0
373, 714, 1, 4, 0, 0, 30.95%, 2, 0, 2, 1171.57, 430694, 13, 42, 0
378, 724, 2, 4, 0, 0, 30.95%, 2, 0, 2, 1170.20, 436694, 13, 42, 0
383, 734, 2, 4, 0, 0, 30.95%, 2, 0, 2, 1160.78, 442571, 13, 42, 0
388, 744, 3, 4, 0, 0, 30.95%, 2, 0, 2, 1156.01, 448494, 13, 42, 0
393, 754, 2, 4, 0, 0, 30.95%, 2, 0, 2, 1163.81, 454448, 13, 43, 0
398, 764, 2, 4, 0, 0, 30.95%, 2, 0, 2, 1156.71, 460371, 13, 43, 0
403, 774, 1, 4, 0, 0, 30.95%, 2, 0, 2, 1164.93, 466317, 13, 43, 0
409, 784, 2, 4, 0, 0, 30.95%, 2, 0, 2, 1164.57, 472271, 13, 43, 0
414, 794, 2, 4, 0, 0, 30.95%, 2, 0, 2, 1171.75, 478248, 13, 43, 0
419, 801, 1, 4, 0, 0, 30.95%, 2, 0, 2, 1169.54, 482494, 13, 44, 0
424, 811, 1, 4, 0, 0, 30.95%, 2, 0, 2, 1170.54, 488494, 13, 44, 0
429, 821, 1, 4, 0, 0, 30.95%, 2, 0, 2, 1171.45, 494448, 13, 44, 0
434, 830, 2, 4, 0, 0, 30.95%, 2, 0, 2, 1168.72, 500371, 13, 44, 0
439, 840, 2, 4, 0, 0, 30.95%, 2, 0, 2, 1170.84, 506348, 13, 46, 0
444, 850, 2, 4, 0, 0, 30.95%, 2, 0, 2, 1171.43, 512317, 13, 47, 0
449, 860, 2, 4, 0, 0, 30.95%, 2, 0, 2, 1172.16, 518317, 13, 47, 0
449, 860, 3, 4, 0, 0, 30.95%, 2, 0, 2, 0.00, 518417, 13, 47, 0
454, 870, 1, 4, 0, 0, 30.95%, 2, 0, 2, 1127.51, 524391, 13, 47, 0
459, 880, 2, 4, 0, 0, 30.95%, 2, 0, 2, 1162.05, 530271, 13, 47, 0
465, 890, 2, 4, 0, 0, 30.95%, 2, 0, 2, 1169.43, 536271, 13, 48, 0
470, 900, 1, 4, 0, 0, 30.95%, 2, 0, 2, 1170.13, 542248, 13, 49, 0
475, 910, 0, 4, 0, 0, 30.95%, 2, 0, 2, 1170.62, 548217, 13, 49, 0
480, 920, 0, 4, 0, 0, 30.95%, 2, 0, 2, 1171.18, 554148, 13, 50, 0
485, 930, 2, 4, 0, 0, 30.95%, 2, 0, 2, 1172.87, 560148, 13, 51, 0
490, 940, 3, 4, 0, 0, 30.95%, 2, 0, 2, 1169.73, 566117, 13, 52, 0
495, 950, 2, 4, 0, 0, 30.95%, 2, 0, 2, 1169.60, 572117, 13, 53, 0
500, 960, 1, 4, 0, 0, 30.95%, 2, 0, 2, 1171.12, 578117, 13, 53, 0
505, 970, 1, 4, 0, 0, 30.95%, 2, 0, 2, 1170.73, 584094, 13, 54, 0
511, 980, 0, 4, 0, 0, 30.95%, 2, 0, 2, 1193.11, 590171, 13, 55, 0
516, 990, 1, 4, 0, 0, 30.95%, 2, 0, 2, 1176.69, 596171, 13, 55, 0
521, 1000, 2, 4, 0, 0, 30.95%, 2, 0, 2, 1176.10, 602117, 13, 55, 0
521, 1001, 2, 4, 0, 0, 30.95%, 2, 0, 2, 1186.39, 602928, 13, 55, 0
