# relative_time, cycles_done, cur_item, corpus_count, pending_total, pending_favs, map_size, saved_crashes, saved_hangs, max_depth, execs_per_sec, total_execs, edges_found, total_crashes, servers_count
61, 40, 4, 13, 0, 0, 27.27%, 5, 0, 5, 1198.57, 70918, 21, 334, 0
66, 42, 12, 13, 0, 0, 27.27%, 6, 0, 5, 1147.00, 76708, 21, 346, 0
71, 45, 12, 14, 1, 0, 27.27%, 6, 0, 5, 1132.67, 82552, 21, 363, 0
76, 46, 13, 15, 0, 0, 27.27%, 6, 0, 6, 1133.83, 88251, 21, 399, 0
81, 49, 4, 15, 0, 0, 27.27%, 6, 0, 6, 1141.91, 94224, 21, 420, 0
86, 51, 2, 15, 0, 0, 27.27%, 6, 0, 6, 1125.64, 99821, 21, 450, 0
91, 54, 5, 15, 0, 0, 27.27%, 6, 0, 6, 1121.71, 105696, 21, 481, 0
96, 56, 3, 15, 0, 0, 27.27%, 6, 0, 6, 1114.59, 111346, 21, 498, 0
101, 59, 12, 15, 0, 0, 27.27%, 6, 0, 6, 1120.02, 117058, 21, 522, 0
106, 61, 12, 15, 0, 0, 27.27%, 6, 0, 6, 1129.77, 122734, 21, 557, 0
111, 63, 5, 15, 0, 0, 27.27%, 6, 0, 6, 1154.26, 128005, 21, 579, 0
