# relative_time, cycles_done, cur_item, corpus_count, pending_total, pending_favs, map_size, saved_crashes, saved_hangs, max_depth, execs_per_sec, total_execs, edges_found, total_crashes, servers_count
61, 490, 2, 4, 0, 0, 30.95%, 1, 0, 2, 8813.60, 575119, 13, 24, 0
66, 526, 2, 4, 0, 0, 30.95%, 1, 0, 2, 8570.32, 618319, 13, 27, 0
72, 559, 3, 4, 0, 0, 30.95%, 1, 0, 2, 395.38, 656097, 13, 28, 0
77, 601, 0, 4, 0, 0, 30.95%, 1, 0, 2, 9036.24, 703819, 13, 30, 0
82, 643, 0, 4, 0, 0, 30.95%, 1, 0, 2, 9316.94, 751619, 13, 36, 0
88, 681, 3, 4, 0, 0, 30.95%, 1, 0, 2, 9138.11, 798302, 13, 39, 0
93, 719, 3, 4, 0, 0, 30.95%, 1, 0, 2, 9046.49, 844600, 13, 42, 0
98, 763, 3, 4, 0, 0, 30.95%, 1, 0, 2, 9638.23, 894606, 13, 45, 0
103, 793, 3, 4, 0, 0, 30.95%, 1, 0, 2, 10041.72, 929021, 13, 49, 0
108, 834, 3, 4, 0, 0, 30.95%, 1, 0, 2, 9620.92, 977212, 13, 49, 0
113, 862, 0, 4, 0, 0, 30.95%, 1, 0, 2, 8977.05, 1012619, 13, 50, 0
118, 901, 2, 4, 0, 0, 30.95%, 1, 0, 2, 9391.91, 1060819, 13, 50, 0
124, 937, 3, 4, 0, 0, 30.95%, 1, 0, 2, 672.98, 1102419, 13, 50, 0
129, 969, 2, 4, 0, 0, 30.95%, 1, 0, 2, 3644.19, 1140986, 13, 51, 0
134, 1007, 3, 4, 0, 0, 30.95%, 1, 0, 2, 8103.10, 1187279, 13, 55, 0
139, 1049, 2, 4, 0, 0, 30.95%, 1, 0, 2, 9711.23, 1239820, 13, 58, 0
144, 1086, 3, 4, 0, 0, 30.95%, 1, 0, 2, 9806.85, 1289815, 13, 60, 0
150, 1131, 3, 4, 0, 0, 30.95%, 1, 0, 2, 9892.78, 1341217, 13, 62, 0
155, 1173, 0, 4, 0, 0, 30.95%, 2, 0, 2, 9608.04, 1390519, 13, 65, 0
160, 1201, 3, 4, 0, 0, 30.95%, 2, 0, 2, 9545.32, 1425100, 13, 67, 0
165, 1239, 0, 4, 0, 0, 30.95%, 2, 0, 2, 9448.46, 1472019, 13, 70, 0
170, 1281, 0, 4, 0, 0, 30.95%, 2, 0, 2, 9679.70, 1520119, 13, 72, 0
175, 1319, 3, 4, 0, 0, 30.95%, 2, 0, 2, 9234.96, 1566188, 13, 78, 0
180, 1361, 0, 4, 0, 0, 30.95%, 2, 0, 2, 9498.90, 1614519, 13, 80, 0
186, 1402, 3, 4, 0, 0, 30.95%, 2, 0, 2, 288.31, 1660610, 13, 82, 0
192, 1446, 3, 4, 0, 0, 30.95%, 2, 0, 2, 10189.92, 1714419, 13, 84, 0
197, 1494, 3, 4, 0, 0, 30.95%, 2, 0, 2, 10228.71, 1767424, 13, 85, 0
202, 1539, 3, 4, 0, 0, 30.95%, 2, 0, 2, 9884.85, 1818714, 13, 86, 0
207, 1577, 3, 4, 0, 0, 30.95%, 2, 0, 2, 9441.09, 1867296, 13, 90, 0
212, 1620, 3, 4, 0, 0, 30.95%, 2, 0, 2, 9533.43, 1916111, 13, 95, 0
217, 1663, 3, 4, 0, 0, 30.95%, 2, 0, 2, 9511.58, 1965310, 13, 96, 0
217, 1663, 3, 4, 0, 0, 30.95%, 2, 0, 2, 0.00, 1965500, 13, 96, 0
222, 1705, 2, 4, 0, 0, 30.95%, 2, 0, 2, 9997.43, 2015219, 13, 98, 0
227, 1745, 3, 4, 0, 0, 30.95%, 2, 0, 2, 10040.73, 2065219, 13, 98, 0
233, 1792, 2, 4, 0, 0, 30.95%, 2, 0, 2, 9903.23, 2116920, 13, 101, 0
238, 1835, 3, 4, 0, 0, 30.95%, 2, 0, 2, 9675.12, 2167208, 13, 103, 0
243, 1874, 3, 4, 0, 0, 30.95%, 2, 0, 2, 9782.26, 2216415, 13, 111, 0
248, 1904, 3, 4, 0, 0, 30.95%, 2, 0, 2, 9161.06, 2250786, 13, 111, 0
253, 1933, 3, 4, 0, 0, 30.95%, 2, 0, 2, 9811.67, 2286110, 13, 113, 0
258, 1975, 3, 4, 0, 0, 30.95%, 2, 0, 2, 10149.62, 2338522, 13, 114, 0
263, 2019, 0, 4, 0, 0, 30.95%, 2, 0, 2, 9955.09, 2389119, 13, 115, 0
268, 2061, 2, 4, 0, 0, 30.95%, 2, 0, 2, 9245.31, 2436819, 13, 118, 0
274, 2107, 3, 4, 0, 0, 30.95%, 2, 0, 2, 9701.87, 2487613, 13, 121, 0
279, 2152, 2, 4, 0, 0, 30.95%, 2, 0, 2, 9057.13, 2538719, 13, 124, 0
284, 2195, 2, 4, 0, 0, 30.95%, 2, 0, 2, 9666.00, 2588119, 13, 131, 0
289, 2239, 0, 4, 0, 0, 30.95%, 2, 0, 2, 9640.35, 2637919, 13, 134, 0
294, 2281, 3, 4, 0, 0, 30.95%, 2, 0, 2, 9900.65, 2687917, 13, 136, 0
299, 2326, 1, 4, 0, 0, 30.95%, 2, 0, 2, 9878.69, 2738319, 13, 137, 0
304, 2371, 0, 4, 0, 0, 30.95%, 2, 0, 2, 9589.39, 2788719, 13, 138, 0
310, 2413, 3, 4, 0, 0, 30.95%, 2, 0, 2, 9749.93, 2839110, 13, 139, 0
316, 2452, 2, 4, 0, 0, 30.95%, 2, 0, 2, 643.09, 2883019, 13, 140, 0
321, 2491, 2, 4, 0, 0, 30.95%, 2, 0, 2, 9296.58, 2930719, 13, 141, 0
326, 2530, 0, 4, 0, 0, 30.95%, 2, 0, 2, 9280.73, 2978419, 13, 143, 0
331, 2568, 3, 4, 0, 0, 30.95%, 2, 0, 2, 9131.83, 3025484, 13, 144, 0
336, 2608, 3, 4, 0, 0, 30.95%, 2, 0, 2, 9191.77, 3073086, 13, 146, 0
341, 2651, 3, 4, 0, 0, 30.95%, 2, 0, 2, 9708.71, 3124813, 13, 148, 0
347, 2695, 3, 4, 0, 0, 30.95%, 2, 0, 2, 9317.57, 3173494, 13, 149, 0
352, 2741, 3, 4, 0, 0, 30.95%, 2, 0, 2, 9691.11, 3223613, 13, 150, 0
357, 2779, 3, 4, 0, 0, 30.95%, 2, 0, 2, 9546.69, 3270302, 13, 153, 0
362, 2821, 3, 4, 0, 0, 30.95%, 2, 0, 2, 9663.47, 3319706, 13, 154, 0
367, 2864, 1, 4, 0, 0, 30.95%, 2, 0, 2, 9771.81, 3370519, 13, 158, 0
372, 2906, 2, 4, 0, 0, 30.95%, 2, 0, 2, 9537.29, 3420419, 13, 160, 0
377, 2944, 3, 4, 0, 0, 30.95%, 2, 0, 2, 9392.43, 3467408, 13, 166, 0
382, 2981, 3, 4, 0, 0, 30.95%, 2, 0, 2, 9445.33, 3514509, 13, 170, 0
387, 3019, 3, 4, 0, 0, 30.95%, 2, 0, 2, 9139.89, 3560584, 13, 171, 0
393, 3059, 3, 4, 0, 0, 30.95%, 2, 0, 2, 9450.70, 3609096, 13, 172, 0
398, 3104, 3, 4, 0, 0, 30.95%, 2, 0, 2, 7648.12, 3659922, 13, 174, 0
403, 3148, 2, 4, 0, 0, 30.95%, 2, 0, 2, 9228.91, 3709519, 13, 176, 0
408, 3191, 3, 4, 0, 0, 30.95%, 2, 0, 2, 9957.29, 3761619, 13, 179, 0
413, 3233, 0, 4, 0, 0, 30.95%, 2, 0, 2, 9963.73, 3812419, 13, 181, 0
418, 3279, 3, 4, 0, 0, 30.95%, 2, 0, 2, 10227.50, 3865524, 13, 184, 0
423, 3324, 3, 4, 0, 0, 30.95%, 2, 0, 2, 10087.31, 3915819, 13, 187, 0
428, 3370, 2, 4, 0, 0, 30.95%, 2, 0, 2, 10236.06, 3968519, 13, 191, 0
434, 3414, 3, 4, 0, 0, 30.95%, 2, 0, 2, 10253.22, 4021419, 13, 191, 0
439, 3444, 3, 4, 0, 0, 30.95%, 2, 0, 2, 10555.79, 4054519, 13, 191, 0
444, 3489, 2, 4, 0, 0, 30.95%, 2, 0, 2, 10162.79, 4105619, 13, 193, 0
449, 3536, 3, 4, 0, 0, 30.95%, 2, 0, 2, 10312.96, 4159419, 13, 194, 0
454, 3581, 2, 4, 0, 0, 30.95%, 2, 0, 2, 10233.81, 4212119, 13, 194, 0
459, 3613, 3, 4, 0, 0, 30.95%, 2, 0, 2, 9593.00, 4249700, 13, 195, 0
464, 3657, 2, 4, 0, 0, 30.95%, 2, 0, 2, 10286.71, 4303719, 13, 198, 0
469, 3703, 3, 4, 0, 0, 30.95%, 2, 0, 2, 10176.80, 4354619, 13, 199, 0
474, 3747, 1, 4, 0, 0, 30.95%, 2, 0, 2, 10131.50, 4407119, 13, 202, 0
480, 3792, 3, 4, 0, 0, 30.95%, 3, 0, 2, 10413.88, 4461227, 13, 204, 0
485, 3839, 0, 4, 0, 0, 30.95%, 3, 0, 2, 10508.49, 4515919, 13, 207, 0
490, 3871, 3, 4, 0, 0, 30.95%, 3, 0, 2, 10412.67, 4555427, 13, 208, 0
495, 3914, 3, 4, 0, 0, 30.95%, 3, 0, 2, 10489.46, 4608629, 13, 211, 0
500, 3940, 1, 4, 0, 0, 30.95%, 3, 0, 2, 10378.50, 4642419, 13, 213, 0
505, 3984, 3, 4, 0, 0, 30.95%, 3, 0, 2, 10319.42, 4696419, 13, 219, 0
510, 4016, 3, 4, 0, 0, 30.95%, 3, 0, 2, 10484.76, 4735729, 13, 221, 0
515, 4059, 3, 4, 0, 0, 30.95%, 3, 0, 2, 10032.96, 4785920, 13, 224, 0
520, 4105, 3, 4, 0, 0, 30.95%, 3, 0, 2, 10363.47, 4839719, 13, 225, 0
526, 4154, 2, 4, 0, 0, 30.95%, 3, 0, 2, 10465.07, 4893719, 13, 228, 0
531, 4196, 1, 4, 0, 0, 30.95%, 3, 0, 2, 10351.33, 4944919, 13, 230, 0
536, 4238, 3, 4, 0, 0, 30.95%, 3, 0, 2, 10508.57, 4997930, 13, 232, 0
541, 4281, 2, 4, 0, 0, 30.95%, 3, 0, 2, 10345.33, 5049219, 13, 235, 0
546, 4324, 3, 4, 0, 0, 30.95%, 3, 0, 2, 10516.05, 5102230, 13, 237, 0
551, 4373, 0, 4, 0, 0, 30.95%, 3, 0, 2, 10539.68, 5157019, 13, 242, 0
556, 4418, 3, 4, 0, 0, 30.95%, 3, 0, 2, 10287.17, 5210526, 13, 245, 0
561, 4460, 3, 4, 0, 0, 30.95%, 3, 0, 2, 10223.15, 5260419, 13, 247, 0
566, 4504, 3, 4, 0, 0, 30.95%, 3, 0, 2, 9907.10, 5311423, 13, 249, 0
571, 4537, 3, 4, 0, 0, 30.95%, 3, 0, 2, 10546.79, 5350631, 13, 250, 0
577, 4582, 3, 4, 0, 0, 30.95%, 4, 0, 2, 10467.15, 5404819, 13, 254, 0
582, 4626, 3, 4, 0, 0, 30.95%, 4, 0, 2, 10601.78, 5460331, 13, 254, 0
587, 4669, 3, 4, 0, 0, 30.95%, 4, 0, 2, 10045.44, 5508419, 13, 255, 0
592, 4717, 0, 4, 0, 0, 30.95%, 4, 0, 2, 10304.90, 5562219, 13, 256, 0
597, 4761, 3, 4, 0, 0, 30.95%, 4, 0, 2, 10139.20, 5613722, 13, 258, 0
602, 4807, 0, 4, 0, 0, 30.95%, 4, 0, 2, 10074.45, 5666419, 13, 315, 0
608, 4854, 3, 4, 0, 0, 30.95%, 4, 0, 2, 10485.00, 5721616, 13, 409, 0
613, 4897, 3, 4, 0, 0, 30.95%, 4, 0, 2, 10068.91, 5772419, 13, 506, 0
618, 4943, 3, 4, 0, 0, 30.95%, 4, 0, 2, 10679.57, 5828219, 13, 620, 0
623, 4992, 3, 4, 0, 0, 30.95%, 4, 0, 2, 11006.98, 5885640, 13, 745, 0
628, 5036, 3, 4, 0, 0, 30.95%, 4, 0, 2, 11172.28, 5942019, 13, 856, 0
633, 5085, 3, 4, 0, 0, 30.95%, 4, 0, 2, 11065.20, 5999242, 13, 946, 0
638, 5134, 3, 4, 0, 0, 30.95%, 4, 0, 2, 11210.39, 6056044, 13, 1054, 0
643, 5182, 0, 4, 0, 0, 30.95%, 4, 0, 2, 11259.19, 6113919, 13, 1156, 0
648, 5214, 3, 4, 0, 0, 30.95%, 4, 0, 2, 10839.37, 6154919, 13, 1214, 0
653, 5263, 3, 4, 0, 0, 30.95%, 4, 0, 2, 10704.63, 6208319, 13, 1334, 0
659, 5308, 3, 4, 0, 0, 30.95%, 4, 0, 2, 10397.62, 6260828, 13, 1437, 0
664, 5356, 3, 4, 0, 0, 30.95%, 4, 0, 2, 10773.23, 6317219, 13, 1551, 0
669, 5379, 3, 4, 0, 0, 30.95%, 4, 0, 2, 10614.46, 6343019, 13, 1596, 0
674, 5428, 2, 4, 0, 0, 30.95%, 4, 0, 2, 10777.73, 6399819, 13, 1686, 0
679, 5475, 3, 4, 0, 0, 30.95%, 4, 0, 2, 10615.22, 6454132, 13, 1786, 0
684, 5521, 3, 4, 0, 0, 30.95%, 4, 0, 2, 10674.80, 6509633, 13, 1865, 0
690, 5566, 3, 4, 0, 0, 30.95%, 4, 0, 2, 10294.40, 6562324, 13, 1967, 0
695, 5610, 3, 4, 0, 0, 30.95%, 4, 0, 2, 10710.60, 6616619, 13, 2060, 0
700, 5643, 0, 4, 0, 0, 30.95%, 4, 0, 2, 10323.84, 6657819, 13, 2128, 0
705, 5689, 3, 4, 0, 0, 30.95%, 4, 0, 2, 10435.72, 6713337, 13, 2218, 0
710, 5740, 3, 4, 0, 0, 30.95%, 4, 0, 2, 11039.56, 6771219, 13, 2320, 0
716, 5782, 3, 4, 0, 0, 30.95%, 4, 0, 2, 659.09, 6822719, 13, 2402, 0
722, 5826, 0, 4, 0, 0, 30.95%, 4, 0, 2, 10986.23, 6878719, 13, 2508, 0
727, 5874, 2, 4, 0, 0, 30.95%, 4, 0, 2, 10935.78, 6935519, 13, 2602, 0
732, 5918, 3, 4, 0, 0, 30.95%, 4, 0, 2, 9958.71, 6989519, 13, 2716, 0
737, 5962, 2, 4, 0, 0, 30.95%, 4, 0, 2, 10029.72, 7040619, 13, 2814, 0
742, 6008, 3, 4, 0, 0, 30.95%, 4, 0, 2, 10327.29, 7094526, 13, 2890, 0
747, 6038, 3, 4, 0, 0, 30.95%, 4, 0, 2, 10098.48, 7131321, 13, 2946, 0
752, 6083, 3, 4, 0, 0, 30.95%, 4, 0, 2, 10563.12, 7186419, 13, 3059, 0
758, 6129, 3, 4, 0, 0, 30.95%, 4, 0, 2, 11065.80, 7243841, 13, 3169, 0
763, 6175, 3, 4, 0, 0, 30.95%, 4, 0, 2, 10342.62, 7296227, 13, 3262, 0
768, 6217, 3, 4, 0, 0, 30.95%, 4, 0, 2, 10183.01, 7346922, 13, 3368, 0
773, 6263, 3, 4, 0, 0, 30.95%, 4, 0, 2, 10219.16, 7398919, 13, 3454, 0
778, 6301, 3, 4, 0, 0, 30.95%, 4, 0, 2, 9947.70, 7448014, 13, 3548, 0
783, 6332, 0, 4, 0, 0, 30.95%, 4, 0, 2, 10521.89, 7486619, 13, 3630, 0
788, 6372, 3, 4, 0, 0, 30.95%, 4, 0, 2, 11115.39, 7533043, 13, 3712, 0
793, 6421, 3, 4, 0, 0, 30.95%, 4, 0, 2, 11017.54, 7589819, 13, 3815, 0
799, 6468, 2, 4, 0, 0, 30.95%, 4, 0, 2, 10924.05, 7645819, 13, 3915, 0
804, 6515, 0, 4, 0, 0, 30.95%, 4, 0, 2, 10688.45, 7700119, 13, 4032, 0
809, 6561, 2, 4, 0, 0, 30.95%, 4, 0, 2, 10525.27, 7752519, 13, 4144, 0
814, 6612, 0, 4, 0, 0, 30.95%, 4, 0, 2, 10831.42, 7807219, 13, 4276, 0
819, 6661, 3, 4, 0, 0, 30.95%, 4, 0, 2, 11212.46, 7863344, 13, 4368, 0
824, 6710, 3, 4, 0, 0, 30.95%, 4, 0, 2, 11171.02, 7920919, 13, 4484, 0
829, 6743, 2, 4, 0, 0, 30.95%, 4, 0, 2, 11241.92, 7961119, 13, 4561, 0
834, 6788, 3, 4, 0, 0, 30.95%, 4, 0, 2, 10899.25, 8016919, 13, 4648, 0
839, 6834, 2, 4, 0, 0, 30.95%, 4, 0, 2, 10474.08, 8071219, 13, 4733, 0
845, 6875, 0, 4, 0, 0, 30.95%, 4, 0, 2, 9525.91, 8119019, 13, 4818, 0
850, 6922, 3, 4, 0, 0, 30.95%, 4, 0, 2, 9782.38, 8170015, 13, 4898, 0
855, 6970, 2, 4, 0, 0, 30.95%, 4, 0, 2, 10396.29, 8225419, 13, 4993, 0
860, 7015, 2, 4, 0, 0, 30.95%, 4, 0, 2, 10306.78, 8278820, 13, 5085, 0
865, 7063, 3, 4, 0, 0, 30.95%, 4, 0, 2, 10401.88, 8332326, 13, 5190, 0
870, 7105, 3, 4, 0, 0, 30.95%, 4, 0, 2, 10306.21, 8384219, 13, 5276, 0
875, 7145, 3, 4, 0, 0, 30.95%, 4, 0, 2, 10069.14, 8433819, 13, 5370, 0
881, 7192, 0, 4, 0, 0, 30.95%, 4, 0, 2, 9631.84, 8486719, 13, 5457, 0
886, 7238, 3, 4, 0, 0, 30.95%, 4, 0, 2, 10215.19, 8539119, 13, 5539, 0
891, 7282, 2, 4, 0, 0, 30.95%, 4, 0, 2, 9700.97, 8588719, 13, 5619, 0
896, 7329, 0, 4, 0, 0, 30.95%, 4, 0, 2, 10188.26, 8641719, 13, 5723, 0
901, 7375, 2, 4, 0, 0, 30.95%, 4, 0, 2, 10499.54, 8694619, 13, 5802, 0
906, 7421, 3, 4, 0, 0, 30.95%, 4, 0, 2, 10404.87, 8746619, 13, 5914, 0
911, 7466, 3, 4, 0, 0, 30.95%, 4, 0, 2, 10689.87, 8801119, 13, 6004, 0
916, 7511, 0, 4, 0, 0, 30.95%, 4, 0, 2, 10576.46, 8854719, 13, 6095, 0
921, 7557, 1, 4, 0, 0, 30.95%, 4, 0, 2, 10282.12, 8908019, 13, 6191, 0
927, 7602, 0, 4, 0, 0, 30.95%, 4, 0, 2, 10287.53, 8961119, 13, 6280, 0
932, 7649, 0, 4, 0, 0, 30.95%, 4, 0, 2, 10461.02, 9015819, 13, 6390, 0
937, 7696, 3, 4, 0, 0, 30.95%, 4, 0, 2, 10558.99, 9070430, 13, 6498, 0
942, 7745, 3, 4, 0, 0, 30.95%, 4, 0, 2, 10525.68, 9125330, 13, 6578, 0
947, 7794, 3, 4, 0, 0, 30.95%, 4, 0, 2, 10745.81, 9181219, 13, 6694, 0
952, 7839, 3, 4, 0, 0, 30.95%, 4, 0, 2, 10726.98, 9236919, 13, 6793, 0
958, 7886, 2, 4, 0, 0, 30.95%, 4, 0, 2, 10617.76, 9291119, 13, 6887, 0
963, 7932, 3, 4, 0, 0, 30.95%, 4, 0, 2, 10600.23, 9345630, 13, 6973, 0
968, 7976, 3, 4, 0, 0, 30.95%, 4, 0, 2, 9951.16, 9401519, 13, 7055, 0
973, 8022, 3, 4, 0, 0, 30.95%, 4, 0, 2, 10576.79, 9457319, 13, 7165, 0
978, 8070, 2, 4, 0, 0, 30.95%, 4, 0, 2, 10950.46, 9514219, 13, 7283, 0
983, 8120, 2, 4, 0, 0, 30.95%, 4, 0, 2, 11154.22, 9571919, 13, 7370, 0
988, 8169, 3, 4, 0, 0, 30.95%, 4, 0, 2, 11026.83, 9626719, 13, 7468, 0
994, 8215, 3, 4, 0, 0, 30.95%, 4, 0, 2, 10600.46, 9680231, 13, 7568, 0
999, 8250, 3, 4, 0, 0, 30.95%, 4, 0, 2, 11277.87, 9721245, 13, 7642, 0
1004, 8285, 3, 4, 0, 0, 30.95%, 4, 0, 2, 11199.75, 9763219, 13, 7741, 0
1009, 8331, 0, 4, 0, 0, 30.95%, 4, 0, 2, 11090.63, 9820019, 13, 7898, 0
1014, 8380, 0, 4, 0, 0, 30.95%, 4, 0, 2, 11141.16, 9877819, 13, 8041, 0
1019, 8429, 3, 4, 0, 0, 30.95%, 4, 0, 2, 10975.12, 9931619, 13, 8188, 0
1024, 8479, 3, 4, 0, 0, 30.95%, 4, 0, 2, 11055.91, 9989041, 13, 8335, 0
1030, 8518, 2, 4, 0, 0, 30.95%, 4, 0, 2, 975.93, 10034719, 13, 8450, 0
1035, 8566, 2, 4, 0, 0, 30.95%, 4, 0, 2, 10699.22, 10090019, 13, 8592, 0
1040, 8615, 3, 4, 0, 0, 30.95%, 4, 0, 2, 10757.31, 10146234, 13, 8728, 0
1045, 8662, 3, 4, 0, 0, 30.95%, 4, 0, 2, 10978.49, 10203719, 13, 8901, 0
1050, 8710, 3, 4, 0, 0, 30.95%, 4, 0, 2, 10727.36, 10257735, 13, 9046, 0
1056, 8757, 3, 4, 0, 0, 30.95%, 4, 0, 2, 10758.51, 10311319, 13, 9192, 0
1061, 8806, 3, 4, 0, 0, 30.95%, 4, 0, 2, 10955.75, 10366939, 13, 9344, 0
1066, 8852, 3, 4, 0, 0, 30.95%, 4, 0, 2, 10866.58, 10421319, 13, 9482, 0
1071, 8901, 3, 4, 0, 0, 30.95%, 4, 0, 2, 10666.26, 10476119, 13, 9633, 0
1076, 8935, 3, 4, 0, 0, 30.95%, 4, 0, 2, 11014.56, 10517719, 13, 9734, 0
1081, 8968, 3, 4, 0, 0, 30.95%, 4, 0, 2, 10567.75, 10555619, 13, 9827, 0
1086, 9013, 3, 4, 0, 0, 30.95%, 4, 0, 2, 10940.75, 10610938, 13, 9967, 0
1091, 9060, 3, 4, 0, 0, 30.95%, 4, 0, 2, 11275.64, 10670145, 13, 10112, 0
1096, 9109, 2, 4, 0, 0, 30.95%, 4, 0, 2, 11224.28, 10728319, 13, 10260, 0
1102, 9157, 3, 4, 0, 0, 30.95%, 4, 0, 2, 10078.76, 10781021, 13, 10408, 0
1107, 9198, 3, 4, 0, 0, 30.95%, 4, 0, 2, 10342.43, 10832325, 13, 10537, 0
1112, 9243, 3, 4, 0, 0, 30.95%, 4, 0, 2, 10752.05, 10885719, 13, 10663, 0
1117, 9292, 0, 4, 0, 0, 30.95%, 4, 0, 2, 10981.37, 10943219, 13, 10834, 0
1122, 9339, 3, 4, 0, 0, 30.95%, 4, 0, 2, 11180.67, 11001743, 13, 10993, 0
1127, 9394, 3, 4, 0, 0, 30.95%, 4, 0, 2, 11356.61, 11060547, 13, 11152, 0
1132, 9442, 3, 4, 0, 0, 30.95%, 4, 0, 2, 11124.19, 11117719, 13, 11305, 0
1137, 9493, 0, 4, 0, 0, 30.95%, 4, 0, 2, 11268.36, 11175619, 13, 11470, 0
1142, 9537, 3, 4, 0, 0, 30.95%, 4, 0, 2, 11035.58, 11231040, 13, 11620, 0
1147, 9580, 3, 4, 0, 0, 30.95%, 4, 0, 2, 11255.92, 11283619, 13, 11761, 0
1153, 9623, 3, 4, 0, 0, 30.95%, 4, 0, 2, 392.23, 11332143, 13, 11900, 0
1158, 9670, 1, 4, 0, 0, 30.95%, 4, 0, 2, 11006.64, 11389119, 13, 12017, 0
1163, 9721, 3, 4, 0, 0, 30.95%, 4, 0, 2, 11137.88, 11446642, 13, 12172, 0
1168, 9764, 0, 4, 0, 0, 30.95%, 4, 0, 2, 11144.24, 11501919, 13, 12311, 0
1173, 9807, 3, 4, 0, 0, 30.95%, 4, 0, 2, 10621.48, 11555119, 13, 12450, 0
1178, 9829, 3, 4, 0, 0, 30.95%, 4, 0, 2, 11403.59, 11580919, 13, 12527, 0
1183, 9875, 3, 4, 0, 0, 30.95%, 4, 0, 2, 11090.20, 11635941, 13, 12686, 0
1189, 9925, 3, 4, 0, 0, 30.95%, 4, 0, 2, 11398.51, 11695248, 13, 12829, 0
1194, 9977, 3, 4, 0, 0, 30.95%, 4, 0, 2, 11219.06, 11752819, 13, 12985, 0
1199, 10023, 3, 4, 0, 0, 30.95%, 4, 0, 2, 10916.24, 11807619, 13, 13118, 0
1204, 10075, 3, 4, 0, 0, 30.95%, 4, 0, 2, 11122.04, 11865543, 13, 13280, 0
1209, 10118, 3, 4, 0, 0, 30.95%, 4, 0, 2, 11081.94, 11919119, 13, 13387, 0
1214, 10168, 3, 4, 0, 0, 30.95%, 4, 0, 2, 11205.77, 11977243, 13, 13548, 0
1219, 10217, 3, 4, 0, 0, 30.95%, 4, 0, 2, 11204.14, 12035945, 13, 13694, 0
1224, 10257, 3, 4, 0, 0, 30.95%, 4, 0, 2, 10301.74, 12083226, 13, 13797, 0
1229, 10299, 3, 4, 0, 0, 30.95%, 4, 0, 2, 10244.73, 12134319, 13, 13937, 0
1234, 10343, 2, 4, 0, 0, 30.95%, 4, 0, 2, 10247.44, 12185319, 13, 14063, 0
1240, 10389, 0, 4, 0, 0, 30.95%, 4, 0, 2, 10045.11, 12237919, 13, 14217, 0
1245, 10435, 0, 4, 0, 0, 30.95%, 4, 0, 2, 10327.62, 12291619, 13, 14344, 0
1250, 10483, 2, 4, 0, 0, 30.95%, 4, 0, 2, 10970.25, 12349119, 13, 14494, 0
1255, 10515, 0, 4, 0, 0, 30.95%, 4, 0, 2, 11154.43, 12391019, 13, 14596, 0
1260, 10566, 3, 4, 0, 0, 30.95%, 4, 0, 2, 11097.49, 12447942, 13, 14766, 0
1265, 10615, 3, 4, 0, 0, 30.95%, 4, 0, 2, 11072.09, 12505241, 13, 14901, 0
1271, 10659, 1, 4, 0, 0, 30.95%, 4, 0, 2, 10584.41, 12559319, 13, 15059, 0
1276, 10702, 2, 4, 0, 0, 30.95%, 4, 0, 2, 10063.99, 12611119, 13, 15192, 0
1281, 10748, 3, 4, 0, 0, 30.95%, 4, 0, 2, 9825.08, 12661315, 13, 15312, 0
1286, 10787, 3, 4, 0, 0, 30.95%, 4, 0, 2, 9390.50, 12708694, 13, 15425, 0
1291, 10831, 1, 4, 0, 0, 30.95%, 4, 0, 2, 9993.37, 12760419, 13, 15582, 0
1296, 10879, 0, 4, 0, 0, 30.95%, 4, 0, 2, 10536.69, 12815219, 13, 15717, 0
1301, 10922, 3, 4, 0, 0, 30.95%, 4, 0, 2, 10475.83, 12869430, 13, 15869, 0
1307, 10967, 3, 4, 0, 0, 30.95%, 4, 0, 2, 10396.16, 12923527, 13, 16012, 0
1312, 11011, 3, 4, 0, 0, 30.95%, 4, 0, 2, 10189.78, 12976419, 13, 16136, 0
1317, 11061, 2, 4, 0, 0, 30.95%, 4, 0, 2, 10698.26, 13032220, 13, 16311, 0
1322, 11100, 3, 4, 0, 0, 30.95%, 4, 0, 2, 10318.43, 13082925, 13, 16455, 0
1327, 11149, 0, 4, 0, 0, 30.95%, 4, 0, 2, 10700.64, 13138419, 13, 16582, 0
1332, 11196, 1, 4, 0, 0, 30.95%, 4, 0, 2, 10429.12, 13191519, 13, 16700, 0
1339, 11239, 0, 4, 0, 0, 30.95%, 4, 0, 2, 1023.89, 13245819, 13, 16860, 0
1345, 11285, 2, 4, 0, 0, 30.95%, 4, 0, 2, 335.64, 13297819, 13, 17009, 0
1350, 11333, 0, 4, 0, 0, 30.95%, 4, 0, 2, 10541.62, 13351219, 13, 17130, 0
1355, 11379, 3, 4, 0, 0, 30.95%, 4, 0, 2, 10387.28, 13404819, 13, 17290, 0
1360, 11423, 3, 4, 0, 0, 30.95%, 4, 0, 2, 10104.83, 13457521, 13, 17425, 0
1366, 11468, 3, 4, 0, 0, 30.95%, 4, 0, 2, 10191.07, 13511219, 13, 17568, 0
1371, 11512, 3, 4, 0, 0, 30.95%, 4, 0, 2, 9539.47, 13563198, 13, 17712, 0
1377, 11550, 0, 4, 0, 0, 30.95%, 4, 0, 2, 1086.26, 13610819, 13, 17842, 0
1382, 11589, 3, 4, 0, 0, 30.95%, 4, 0, 2, 9971.10, 13661918, 13, 18002, 0
1387, 11632, 2, 4, 0, 0, 30.95%, 4, 0, 2, 9669.60, 13710819, 13, 18131, 0
1392, 11678, 0, 4, 0, 0, 30.95%, 4, 0, 2, 10084.17, 13763419, 13, 18265, 0
1397, 11711, 3, 4, 0, 0, 30.95%, 4, 0, 2, 11173.33, 13804919, 13, 18379, 0
1403, 11758, 3, 4, 0, 0, 30.95%, 4, 0, 2, 10583.65, 13858619, 13, 18535, 0
1408, 11806, 0, 4, 0, 0, 30.95%, 4, 0, 2, 10480.08, 13911019, 13, 18661, 0
1413, 11851, 3, 4, 0, 0, 30.95%, 4, 0, 2, 10589.85, 13966031, 13, 18790, 0
1418, 11896, 3, 4, 0, 0, 30.95%, 4, 0, 2, 10275.75, 14017519, 13, 18928, 0
1423, 11938, 3, 4, 0, 0, 30.95%, 4, 0, 2, 10195.13, 14069023, 13, 19053, 0
1428, 11985, 3, 4, 0, 0, 30.95%, 4, 0, 2, 9365.24, 14123794, 13, 19212, 0
1433, 12018, 0, 4, 0, 0, 30.95%, 4, 0, 2, 10903.65, 14163019, 13, 19315, 0
1438, 12069, 3, 4, 0, 0, 30.95%, 4, 0, 2, 10813.85, 14218719, 13, 19460, 0
1444, 12101, 0, 4, 0, 0, 30.95%, 4, 0, 2, 10874.98, 14259319, 13, 19599, 0
1449, 12148, 3, 4, 0, 0, 30.95%, 4, 0, 2, 10846.63, 14313436, 13, 19737, 0
1454, 12199, 3, 4, 0, 0, 30.95%, 4, 0, 2, 11001.06, 14370439, 13, 19897, 0
1459, 12250, 3, 4, 0, 0, 30.95%, 4, 0, 2, 11223.41, 14428419, 13, 20064, 0
1464, 12297, 3, 4, 0, 0, 30.95%, 4, 0, 2, 10738.83, 14483319, 13, 20218, 0
1469, 12342, 3, 4, 0, 0, 30.95%, 4, 0, 2, 10635.15, 14536031, 13, 20361, 0
1474, 12363, 3, 4, 0, 0, 30.95%, 4, 0, 2, 11154.78, 14561519, 13, 20431, 0
1479, 12400, 3, 4, 0, 0, 30.95%, 4, 0, 2, 10891.32, 14601937, 13, 20541, 0
1484, 12449, 3, 4, 0, 0, 30.95%, 4, 0, 2, 10607.19, 14656737, 13, 20698, 0
1490, 12480, 3, 4, 0, 0, 30.95%, 4, 0, 2, 10291.34, 14695224, 13, 20803, 0
1495, 12529, 2, 4, 0, 0, 30.95%, 4, 0, 2, 11195.80, 14753719, 13, 20948, 0
1500, 12574, 2, 4, 0, 0, 30.95%, 4, 0, 2, 10712.74, 14809219, 13, 21106, 0
1505, 12581, 0, 4, 0, 0, 30.95%, 4, 0, 2, 9955.49, 14818119, 13, 21133, 0
1510, 12628, 1, 4, 0, 0, 30.95%, 4, 0, 2, 10779.94, 14875019, 13, 21269, 0
1515, 12678, 3, 4, 0, 0, 30.95%, 4, 0, 2, 10872.78, 14931819, 13, 21430, 0
1521, 12727, 3, 4, 0, 0, 30.95%, 4, 0, 2, 10660.63, 14987219, 13, 21605, 0
1526, 12771, 3, 4, 0, 0, 30.95%, 4, 0, 2, 10659.68, 15040432, 13, 21757, 0
1531, 12814, 2, 4, 0, 0, 30.95%, 4, 0, 2, 10469.86, 15092619, 13, 21893, 0
1536, 12861, 3, 4, 0, 0, 30.95%, 4, 0, 2, 10849.71, 15147136, 13, 22036, 0
1541, 12908, 2, 4, 0, 0, 30.95%, 4, 0, 2, 11011.15, 15203819, 13, 22179, 0
1546, 12944, 0, 4, 0, 0, 30.95%, 4, 0, 2, 11292.40, 15243519, 13, 22275, 0
1551, 12992, 3, 4, 0, 0, 30.95%, 4, 0, 2, 10919.81, 15300641, 13, 22404, 0
1556, 13034, 3, 4, 0, 0, 30.95%, 4, 0, 2, 10228.01, 15350319, 13, 22535, 0
1561, 13075, 3, 4, 0, 0, 30.95%, 4, 0, 2, 9667.62, 15399902, 13, 22660, 0
1566, 13119, 0, 4, 0, 0, 30.95%, 4, 0, 2, 10491.61, 15452919, 13, 22792, 0
1571, 13164, 3, 4, 0, 0, 30.95%, 4, 0, 2, 10918.29, 15508338, 13, 22938, 0
1577, 13208, 3, 4, 0, 0, 30.95%, 4, 0, 2, 10732.66, 15564319, 13, 23071, 0
1582, 13257, 3, 4, 0, 0, 30.95%, 4, 0, 2, 10606.46, 15619733, 13, 23205, 0
1587, 13303, 0, 4, 0, 0, 30.95%, 4, 0, 2, 10451.33, 15673119, 13, 23333, 0
1592, 13349, 3, 4, 0, 0, 30.95%, 4, 0, 2, 10780.68, 15728135, 13, 23495, 0
1597, 13392, 3, 4, 0, 0, 30.95%, 4, 0, 2, 10412.69, 15779919, 13, 23624, 0
1602, 13438, 3, 4, 0, 0, 30.95%, 4, 0, 2, 10886.50, 15836537, 13, 23787, 0
1607, 13470, 3, 4, 0, 0, 30.95%, 4, 0, 2, 10970.45, 15877539, 13, 23901, 0
1612, 13500, 3, 4, 0, 0, 30.95%, 4, 0, 2, 10286.99, 15913331, 13, 23982, 0
1617, 13546, 3, 4, 0, 0, 30.95%, 4, 0, 2, 10306.18, 15965519, 13, 24124, 0
1622, 13591, 0, 4, 0, 0, 30.95%, 4, 0, 2, 10112.86, 16015620, 13, 24255, 0
1628, 13607, 3, 4, 0, 0, 30.95%, 4, 0, 2, 247.99, 16036019, 13, 24311, 0
1633, 13642, 3, 4, 0, 0, 30.95%, 4, 0, 2, 10424.98, 16075519, 13, 24414, 0
1638, 13688, 3, 4, 0, 0, 30.95%, 4, 0, 2, 10819.45, 16131019, 13, 24577, 0
1643, 13733, 3, 4, 0, 0, 30.95%, 4, 0, 2, 10742.15, 16186919, 13, 24709, 0
1648, 13776, 1, 4, 0, 0, 30.95%, 4, 0, 2, 10376.54, 16237219, 13, 24858, 0
1647, 13776, 0, 4, 0, 0, 30.95%, 4, 0, 2, 0.00, 16237319, 13, 24858, 0
1652, 13824, 0, 4, 0, 0, 30.95%, 4, 0, 2, 10776.23, 16290219, 13, 25007, 0
1658, 13866, 3, 4, 0, 0, 30.95%, 4, 0, 2, 10790.00, 16340193, 13, 25151, 0
1663, 13908, 3, 4, 0, 0, 30.95%, 4, 0, 2, 10328.90, 16393519, 13, 25277, 0
1668, 13954, 3, 4, 0, 0, 30.95%, 4, 0, 2, 10654.61, 16447231, 13, 25413, 0
1673, 14002, 3, 4, 0, 0, 30.95%, 4, 0, 2, 10861.32, 16503237, 13, 25539, 0
1678, 14048, 2, 4, 0, 0, 30.95%, 4, 0, 2, 10605.40, 16556419, 13, 25696, 0
1683, 14087, 2, 4, 0, 0, 30.95%, 4, 0, 2, 9751.20, 16604919, 13, 25830, 0
1688, 14139, 3, 4, 0, 0, 30.95%, 4, 0, 2, 11127.55, 16663041, 13, 25987, 0
1693, 14188, 1, 4, 0, 0, 30.95%, 4, 0, 2, 11137.53, 16720519, 13, 26139, 0
1698, 14233, 1, 4, 0, 0, 30.95%, 4, 0, 2, 9971.35, 16771119, 13, 26256, 0
1704, 14274, 3, 4, 0, 0, 30.95%, 4, 0, 2, 9812.43, 16822406, 13, 26388, 0
1709, 14320, 3, 4, 0, 0, 30.95%, 4, 0, 2, 10448.16, 16876528, 13, 26532, 0
1714, 14368, 3, 4, 0, 0, 30.95%, 4, 0, 2, 10621.39, 16932119, 13, 26681, 0
1719, 14416, 3, 4, 0, 0, 30.95%, 4, 0, 2, 11071.97, 16989141, 13, 26835, 0
1724, 14463, 3, 4, 0, 0, 30.95%, 4, 0, 2, 10792.13, 17043519, 13, 26949, 0
1729, 14496, 3, 4, 0, 0, 30.95%, 4, 0, 2, 10115.11, 17080521, 13, 27043, 0
1734, 14545, 3, 4, 0, 0, 30.95%, 4, 0, 2, 10286.69, 17134424, 13, 27184, 0
1740, 14592, 3, 4, 0, 0, 30.95%, 4, 0, 2, 10181.61, 17187023, 13, 27311, 0
1745, 14637, 3, 4, 0, 0, 30.95%, 4, 0, 2, 10270.23, 17241119, 13, 27456, 0
1750, 14681, 2, 4, 0, 0, 30.95%, 4, 0, 2, 10241.65, 17294919, 13, 27608, 0
1755, 14725, 3, 4, 0, 0, 30.95%, 4, 0, 2, 10212.25, 17347824, 13, 27743, 0
1760, 14767, 3, 4, 0, 0, 30.95%, 4, 0, 2, 10210.60, 17400519, 13, 27883, 0
1765, 14800, 0, 4, 0, 0, 30.95%, 4, 0, 2, 10271.27, 17436619, 13, 27979, 0
1770, 14841, 2, 4, 0, 0, 30.95%, 4, 0, 2, 10230.34, 17487419, 13, 28117, 0
1776, 14887, 2, 4, 0, 0, 30.95%, 4, 0, 2, 10696.72, 17541319, 13, 28251, 0
1781, 14937, 3, 4, 0, 0, 30.95%, 4, 0, 2, 11076.06, 17599519, 13, 28415, 0
1786, 14985, 2, 4, 0, 0, 30.95%, 4, 0, 2, 10554.49, 17653319, 13, 28555, 0
1791, 15020, 3, 4, 0, 0, 30.95%, 4, 0, 2, 10521.61, 17691719, 13, 28660, 0
1796, 15064, 3, 4, 0, 0, 30.95%, 4, 0, 2, 10004.00, 17741319, 13, 28802, 0
1801, 15106, 2, 4, 0, 0, 30.95%, 4, 0, 2, 9630.20, 17789419, 13, 28912, 0
1806, 15139, 3, 4, 0, 0, 30.95%, 4, 0, 2, 10382.60, 17827719, 13, 29014, 0
1811, 15186, 0, 4, 0, 0, 30.95%, 4, 0, 2, 9982.08, 17879519, 13, 29143, 0
1816, 15227, 0, 4, 0, 0, 30.95%, 4, 0, 2, 10358.38, 17930819, 13, 29277, 0
1821, 15258, 3, 4, 0, 0, 30.95%, 4, 0, 2, 10141.75, 17968419, 13, 29373, 0
1827, 15307, 0, 4, 0, 0, 30.95%, 4, 0, 2, 11145.60, 18027019, 13, 29517, 0
1832, 15352, 0, 4, 0, 0, 30.95%, 4, 0, 2, 10893.36, 18082619, 13, 29663, 0
1837, 15401, 3, 4, 0, 0, 30.95%, 4, 0, 2, 11050.48, 18140141, 13, 29825, 0
1842, 15446, 3, 4, 0, 0, 30.95%, 4, 0, 2, 10569.74, 18195119, 13, 29969, 0
1847, 15484, 3, 4, 0, 0, 30.95%, 4, 0, 2, 10382.18, 18239527, 13, 30064, 0
1852, 15526, 3, 4, 0, 0, 30.95%, 4, 0, 2, 10107.39, 18289819, 13, 30186, 0
1857, 15559, 3, 4, 0, 0, 30.95%, 4, 0, 2, 10861.26, 18327419, 13, 30293, 0
1863, 15600, 3, 4, 0, 0, 30.95%, 4, 0, 2, 9654.52, 18376106, 13, 30425, 0
1868, 15643, 3, 4, 0, 0, 30.95%, 4, 0, 2, 10315.00, 18427525, 13, 30570, 0
1873, 15687, 3, 4, 0, 0, 30.95%, 4, 0, 2, 10584.41, 18482631, 13, 30728, 0
1878, 15721, 3, 4, 0, 0, 30.95%, 4, 0, 2, 10520.97, 18523219, 13, 30843, 0
1883, 15765, 2, 4, 0, 0, 30.95%, 4, 0, 2, 10117.36, 18575219, 13, 30991, 0
1888, 15817, 2, 4, 0, 0, 30.95%, 4, 0, 2, 10663.91, 18631119, 13, 31134, 0
1893, 15859, 3, 4, 0, 0, 30.95%, 4, 0, 2, 10308.25, 18683119, 13, 31263, 0
1898, 15908, 0, 4, 0, 0, 30.95%, 4, 0, 2, 10377.82, 18737919, 13, 31421, 0
1904, 15950, 3, 4, 0, 0, 30.95%, 4, 0, 2, 9915.04, 18788312, 13, 31541, 0
1909, 15993, 3, 4, 0, 0, 30.95%, 4, 0, 2, 9806.75, 18836915, 13, 31686, 0
1914, 16039, 3, 4, 0, 0, 30.95%, 4, 0, 2, 10098.52, 18888722, 13, 31841, 0
1919, 16083, 3, 4, 0, 0, 30.95%, 4, 0, 2, 10645.43, 18942632, 13, 31995, 0
1924, 16128, 3, 4, 0, 0, 30.95%, 4, 0, 2, 10277.85, 18994024, 13, 32126, 0
1929, 16171, 3, 4, 0, 0, 30.95%, 4, 0, 2, 10193.67, 19045619, 13, 32249, 0
1934, 16205, 3, 4, 0, 0, 30.95%, 4, 0, 2, 11609.28, 19084452, 13, 32359, 0
1939, 16250, 2, 4, 0, 0, 30.95%, 4, 0, 2, 10668.69, 19138519, 13, 32491, 0
1944, 16296, 0, 4, 0, 0, 30.95%, 4, 0, 2, 10483.49, 19190919, 13, 32634, 0
1949, 16342, 2, 4, 0, 0, 30.95%, 4, 0, 2, 10232.50, 19243519, 13, 32804, 0
1955, 16386, 1, 4, 0, 0, 30.95%, 4, 0, 2, 10048.94, 19295719, 13, 32954, 0
1960, 16430, 3, 4, 0, 0, 30.95%, 4, 0, 2, 10373.06, 19349219, 13, 33074, 0
1965, 16471, 0, 4, 0, 0, 30.95%, 4, 0, 2, 10850.09, 19400919, 13, 33197, 0
1970, 16519, 3, 4, 0, 0, 30.95%, 4, 0, 2, 10331.78, 19452425, 13, 33348, 0
1975, 16562, 3, 4, 0, 0, 30.95%, 4, 0, 2, 10135.40, 19504721, 13, 33482, 0
1980, 16601, 0, 4, 0, 0, 30.95%, 4, 0, 2, 9917.90, 19554619, 13, 33601, 0
1985, 16638, 3, 4, 0, 0, 30.95%, 4, 0, 2, 8867.53, 19597798, 13, 33710, 0
1992, 16679, 3, 4, 0, 0, 30.95%, 4, 0, 2, 137.19, 19646219, 13, 33830, 0
1997, 16722, 0, 4, 0, 0, 30.95%, 4, 0, 2, 9973.33, 19696519, 13, 33938, 0
2005, 16761, 3, 4, 0, 0, 30.95%, 4, 0, 2, 66.95, 19743004, 13, 34049, 0
2010, 16801, 3, 4, 0, 0, 30.95%, 4, 0, 2, 9883.95, 19792212, 13, 34170, 0
2015, 16837, 3, 4, 0, 0, 30.95%, 4, 0, 2, 1439.42, 19831819, 13, 34294, 0
2020, 16879, 3, 4, 0, 0, 30.95%, 4, 0, 2, 10225.83, 19885119, 13, 34430, 0
2025, 16921, 2, 4, 0, 0, 30.95%, 4, 0, 2, 10535.28, 19938519, 13, 34575, 0
2030, 16973, 3, 4, 0, 0, 30.95%, 4, 0, 2, 10914.99, 19995837, 13, 34710, 0
2035, 17016, 3, 4, 0, 0, 30.95%, 4, 0, 2, 10147.08, 20046523, 13, 34833, 0
2040, 17058, 3, 4, 0, 0, 30.95%, 4, 0, 2, 9900.28, 20096419, 13, 34955, 0
2045, 17101, 3, 4, 0, 0, 30.95%, 4, 0, 2, 10029.81, 20149019, 13, 35088, 0
2050, 17149, 0, 4, 0, 0, 30.95%, 4, 0, 2, 10629.01, 20205019, 13, 35253, 0
2056, 17194, 3, 4, 0, 0, 30.95%, 4, 0, 2, 10533.00, 20256029, 13, 35398, 0
2061, 17239, 3, 4, 0, 0, 30.95%, 4, 0, 2, 10721.50, 20311219, 13, 35544, 0
2066, 17285, 3, 4, 0, 0, 30.95%, 4, 0, 2, 10888.01, 20368139, 13, 35699, 0
2071, 17318, 3, 4, 0, 0, 30.95%, 4, 0, 2, 345.07, 20407333, 13, 35801, 0
2076, 17367, 3, 4, 0, 0, 30.95%, 4, 0, 2, 10933.53, 20463438, 13, 35948, 0
2081, 17418, 3, 4, 0, 0, 30.95%, 4, 0, 2, 10785.19, 20520337, 13, 36115, 0
2086, 17457, 3, 4, 0, 0, 30.95%, 4, 0, 2, 9788.61, 20567710, 13, 36214, 0
2091, 17502, 3, 4, 0, 0, 30.95%, 4, 0, 2, 9910.31, 20617614, 13, 36332, 0
2097, 17546, 3, 4, 0, 0, 30.95%, 4, 0, 2, 9896.24, 20667218, 13, 36464, 0
2102, 17587, 3, 4, 0, 0, 30.95%, 4, 0, 2, 9474.75, 20712902, 13, 36593, 0
2107, 17621, 0, 4, 0, 0, 30.95%, 4, 0, 2, 9912.60, 20756619, 13, 36683, 0
2112, 17663, 3, 4, 0, 0, 30.95%, 4, 0, 2, 10752.89, 20812919, 13, 36811, 0
2117, 17704, 2, 4, 0, 0, 30.95%, 4, 0, 2, 10316.99, 20863819, 13, 36933, 0
2122, 17748, 3, 4, 0, 0, 30.95%, 4, 0, 2, 10339.53, 20916719, 13, 37058, 0
2127, 17781, 3, 4, 0, 0, 30.95%, 4, 0, 2, 10858.51, 20955919, 13, 37156, 0
2132, 17831, 3, 4, 0, 0, 30.95%, 4, 0, 2, 10964.36, 21012439, 13, 37297, 0
2137, 17879, 2, 4, 0, 0, 30.95%, 4, 0, 2, 10912.31, 21068619, 13, 37428, 0
2137, 17880, 0, 4, 0, 0, 30.95%, 4, 0, 2, 0.00, 21069019, 13, 37430, 0
2143, 17928, 3, 4, 0, 0, 30.95%, 4, 0, 2, 10857.01, 21124519, 13, 37576, 0
2148, 17978, 3, 4, 0, 0, 30.95%, 4, 0, 2, 10823.42, 21179319, 13, 37710, 0
2153, 18027, 3, 4, 0, 0, 30.95%, 4, 0, 2, 10657.08, 21233932, 13, 37867, 0
2158, 18060, 3, 4, 0, 0, 30.95%, 4, 0, 2, 9472.45, 21273119, 13, 37983, 0
2163, 18106, 0, 4, 0, 0, 30.95%, 4, 0, 2, 10399.01, 21327519, 13, 38121, 0
2168, 18152, 3, 4, 0, 0, 30.95%, 4, 0, 2, 10367.56, 21379619, 13, 38283, 0
2173, 18190, 3, 4, 0, 0, 30.95%, 4, 0, 2, 10492.13, 21423719, 13, 38389, 0
2179, 18233, 2, 4, 0, 0, 30.95%, 4, 0, 2, 10115.91, 21476619, 13, 38529, 0
2185, 18274, 3, 4, 0, 0, 30.95%, 4, 0, 2, 671.36, 21526031, 13, 38651, 0
2190, 18324, 3, 4, 0, 0, 30.95%, 4, 0, 2, 10791.70, 21581636, 13, 38819, 0
2195, 18369, 3, 4, 0, 0, 30.95%, 4, 0, 2, 10065.31, 21633119, 13, 38958, 0
2200, 18407, 3, 4, 0, 0, 30.95%, 4, 0, 2, 409.56, 21675919, 13, 39076, 0
2206, 18448, 3, 4, 0, 0, 30.95%, 4, 0, 2, 10382.61, 21729126, 13, 39195, 0
2211, 18493, 0, 4, 0, 0, 30.95%, 4, 0, 2, 10686.34, 21785019, 13, 39365, 0
2216, 18542, 0, 4, 0, 0, 30.95%, 4, 0, 2, 10702.74, 21840219, 13, 39531, 0
2221, 18588, 3, 4, 0, 0, 30.95%, 4, 0, 2, 10338.19, 21891626, 13, 39680, 0
2226, 18634, 3, 4, 0, 0, 30.95%, 4, 0, 2, 10497.25, 21946719, 13, 39815, 0
2232, 18674, 0, 4, 0, 0, 30.95%, 4, 0, 2, 834.40, 21994119, 13, 39938, 0
2237, 18715, 0, 4, 0, 0, 30.95%, 4, 0, 2, 10035.57, 22046919, 13, 40072, 0
2242, 18757, 3, 4, 0, 0, 30.95%, 4, 0, 2, 10107.85, 22098019, 13, 40202, 0
2247, 18800, 2, 4, 0, 0, 30.95%, 4, 0, 2, 10298.04, 22150419, 13, 40339, 0
2253, 18832, 2, 4, 0, 0, 30.95%, 4, 0, 2, 10006.33, 22188719, 13, 40453, 0
2258, 18880, 3, 4, 0, 0, 30.95%, 4, 0, 2, 10396.63, 22242027, 13, 40583, 0
2263, 18924, 3, 4, 0, 0, 30.95%, 4, 0, 2, 10466.04, 22295519, 13, 40735, 0
2268, 18968, 3, 4, 0, 0, 30.95%, 4, 0, 2, 10505.00, 22346120, 13, 40869, 0
2273, 19014, 3, 4, 0, 0, 30.95%, 4, 0, 2, 10062.63, 22398419, 13, 41021, 0
2278, 19061, 2, 4, 0, 0, 30.95%, 4, 0, 2, 10355.64, 22452719, 13, 41170, 0
2284, 19102, 3, 4, 0, 0, 30.95%, 4, 0, 2, 10012.65, 22504719, 13, 41304, 0
2289, 19149, 3, 4, 0, 0, 30.95%, 4, 0, 2, 9970.55, 22555316, 13, 41440, 0
2294, 19189, 0, 4, 0, 0, 30.95%, 4, 0, 2, 9962.20, 22605219, 13, 41581, 0
2299, 19218, 3, 4, 0, 0, 30.95%, 4, 0, 2, 9608.27, 22641202, 13, 41699, 0
2304, 19261, 2, 4, 0, 0, 30.95%, 4, 0, 2, 9965.67, 22692319, 13, 41836, 0
2309, 19307, 3, 4, 0, 0, 30.95%, 4, 0, 2, 9894.67, 22743314, 13, 41973, 0
2314, 19346, 2, 4, 0, 0, 30.95%, 4, 0, 2, 9327.24, 22791919, 13, 42085, 0
2319, 19391, 2, 4, 0, 0, 30.95%, 4, 0, 2, 9571.59, 22842119, 13, 42228, 0
2324, 19434, 3, 4, 0, 0, 30.95%, 4, 0, 2, 9887.93, 22891112, 13, 42355, 0
2330, 19474, 3, 4, 0, 0, 30.95%, 4, 0, 2, 1196.47, 22936319, 13, 42469, 0
2335, 19519, 3, 4, 0, 0, 30.95%, 4, 0, 2, 10552.01, 22988432, 13, 42626, 0
2340, 19568, 0, 4, 0, 0, 30.95%, 4, 0, 2, 10661.85, 23043919, 13, 42773, 0
2345, 19609, 2, 4, 0, 0, 30.95%, 4, 0, 2, 10500.02, 23095919, 13, 42910, 0
2351, 19644, 3, 4, 0, 0, 30.95%, 4, 0, 2, 455.73, 23139519, 13, 43012, 0
2356, 19689, 0, 4, 0, 0, 30.95%, 4, 0, 2, 10489.91, 23192619, 13, 43165, 0
2361, 19733, 3, 4, 0, 0, 30.95%, 4, 0, 2, 10370.59, 23246819, 13, 43312, 0
2366, 19765, 0, 4, 0, 0, 30.95%, 4, 0, 2, 10190.57, 23283319, 13, 43403, 0
2371, 19793, 0, 4, 0, 0, 30.95%, 4, 0, 2, 9660.00, 23318144, 13, 43484, 0
2377, 19830, 3, 4, 0, 0, 30.95%, 4, 0, 2, 10423.79, 23362819, 13, 43592, 0
2382, 19878, 3, 4, 0, 0, 30.95%, 4, 0, 2, 10161.84, 23415719, 13, 43726, 0
2387, 19924, 2, 4, 0, 0, 30.95%, 4, 0, 2, 10326.63, 23468619, 13, 43881, 0
2392, 19968, 3, 4, 0, 0, 30.95%, 4, 0, 2, 10538.67, 23523919, 13, 44044, 0
2397, 20012, 3, 4, 0, 0, 30.95%, 4, 0, 2, 10515.51, 23578719, 13, 44205, 0
2402, 20057, 3, 4, 0, 0, 30.95%, 4, 0, 2, 10207.75, 23631723, 13, 44331, 0
2408, 20102, 3, 4, 0, 0, 30.95%, 4, 0, 2, 11045.00, 23687428, 13, 44457, 0
2413, 20147, 2, 4, 0, 0, 30.95%, 4, 0, 2, 10744.23, 23740719, 13, 44595, 0
2418, 20199, 1, 4, 0, 0, 30.95%, 4, 0, 2, 10823.13, 23796619, 13, 44736, 0
2424, 20244, 3, 4, 0, 0, 30.95%, 4, 0, 2, 737.94, 23850434, 13, 44887, 0
2429, 20274, 3, 4, 0, 0, 30.95%, 4, 0, 2, 10330.99, 23886926, 13, 44981, 0
2434, 20323, 3, 4, 0, 0, 30.95%, 4, 0, 2, 10696.84, 23943033, 13, 45123, 0
2440, 20369, 0, 4, 0, 0, 30.95%, 4, 0, 2, 10765.41, 23998919, 13, 45265, 0
2445, 20417, 2, 4, 0, 0, 30.95%, 4, 0, 2, 10550.61, 24053219, 13, 45434, 0
2450, 20464, 3, 4, 0, 0, 30.95%, 4, 0, 2, 10587.46, 24106631, 13, 45572, 0
2455, 20510, 3, 4, 0, 0, 30.95%, 4, 0, 2, 10702.47, 24161933, 13, 45730, 0
2460, 20556, 2, 4, 0, 0, 30.95%, 4, 0, 2, 10466.52, 24215519, 13, 45885, 0
2465, 20600, 3, 4, 0, 0, 30.95%, 4, 0, 2, 10533.19, 24270530, 13, 46045, 0
2471, 20647, 2, 4, 0, 0, 30.95%, 4, 0, 2, 10573.69, 24324920, 13, 46189, 0
2476, 20696, 0, 4, 0, 0, 30.95%, 4, 0, 2, 10717.11, 24380619, 13, 46342, 0
2481, 20745, 3, 4, 0, 0, 30.95%, 4, 0, 2, 10643.74, 24435832, 13, 46479, 0
2486, 20779, 3, 4, 0, 0, 30.95%, 4, 0, 2, 10742.07, 24474134, 13, 46564, 0
2491, 20826, 3, 4, 0, 0, 30.95%, 4, 0, 2, 10701.38, 24529634, 13, 46712, 0
2496, 20870, 3, 4, 0, 0, 30.95%, 4, 0, 2, 10186.08, 24581322, 13, 46861, 0
2501, 20919, 0, 4, 0, 0, 30.95%, 4, 0, 2, 10590.68, 24637319, 13, 47005, 0
2507, 20967, 3, 4, 0, 0, 30.95%, 4, 0, 2, 10531.45, 24692230, 13, 47156, 0
2513, 21007, 0, 4, 0, 0, 30.95%, 4, 0, 2, 182.86, 24739119, 13, 47302, 0
2518, 21050, 3, 4, 0, 0, 30.95%, 4, 0, 2, 10352.78, 24791419, 13, 47471, 0
2523, 21098, 3, 4, 0, 0, 30.95%, 4, 0, 2, 10588.17, 24846519, 13, 47632, 0
2528, 21144, 3, 4, 0, 0, 30.95%, 4, 0, 2, 11021.87, 24901519, 13, 47772, 0
2533, 21189, 3, 4, 0, 0, 30.95%, 4, 0, 2, 10750.08, 24954919, 13, 47914, 0
2538, 21238, 2, 4, 0, 0, 30.95%, 4, 0, 2, 10569.84, 25008519, 13, 48040, 0
2543, 21282, 2, 4, 0, 0, 30.95%, 4, 0, 2, 10562.50, 25060419, 13, 48190, 0
2548, 21330, 3, 4, 0, 0, 30.95%, 4, 0, 2, 10654.76, 25115733, 13, 48346, 0
2553, 21375, 2, 4, 0, 0, 30.95%, 4, 0, 2, 10508.62, 25169019, 13, 48487, 0
2559, 21416, 3, 4, 0, 0, 30.95%, 4, 0, 2, 10643.67, 25221432, 13, 48632, 0
2564, 21461, 3, 4, 0, 0, 30.95%, 4, 0, 2, 10602.88, 25274131, 13, 48793, 0
2569, 21503, 3, 4, 0, 0, 30.95%, 4, 0, 2, 10222.35, 25326823, 13, 48929, 0
2574, 21547, 2, 4, 0, 0, 30.95%, 4, 0, 2, 10273.22, 25380920, 13, 49088, 0
2579, 21591, 0, 4, 0, 0, 30.95%, 4, 0, 2, 10511.28, 25433619, 13, 49218, 0
2584, 21637, 3, 4, 0, 0, 30.95%, 4, 0, 2, 10712.07, 25487719, 13, 49336, 0
2589, 21684, 3, 4, 0, 0, 30.95%, 4, 0, 2, 11005.82, 25544519, 13, 49496, 0
2594, 21730, 0, 4, 0, 0, 30.95%, 4, 0, 2, 10717.42, 25599619, 13, 49660, 0
2599, 21776, 3, 4, 0, 0, 30.95%, 4, 0, 2, 10679.53, 25654934, 13, 49811, 0
2605, 21824, 2, 4, 0, 0, 30.95%, 4, 0, 2, 10865.48, 25710919, 13, 49964, 0
2610, 21876, 3, 4, 0, 0, 30.95%, 4, 0, 2, 10703.11, 25766519, 13, 50116, 0
2615, 21919, 3, 4, 0, 0, 30.95%, 4, 0, 2, 10483.44, 25818319, 13, 50232, 0
2620, 21962, 3, 4, 0, 0, 30.95%, 4, 0, 2, 10558.03, 25873430, 13, 50379, 0
2625, 22006, 3, 4, 0, 0, 30.95%, 4, 0, 2, 10663.92, 25926934, 13, 50514, 0
2630, 22056, 3, 4, 0, 0, 30.95%, 4, 0, 2, 10596.07, 25982032, 13, 50667, 0
2635, 22089, 3, 4, 0, 0, 30.95%, 4, 0, 2, 970.61, 26021119, 13, 50758, 0
2640, 22134, 2, 4, 0, 0, 30.95%, 4, 0, 2, 10574.25, 26076219, 13, 50907, 0
2646, 22165, 3, 4, 0, 0, 30.95%, 4, 0, 2, 10842.61, 26115819, 13, 50997, 0
2651, 22213, 0, 4, 0, 0, 30.95%, 4, 0, 2, 10705.41, 26171919, 13, 51154, 0
2656, 22258, 3, 4, 0, 0, 30.95%, 4, 0, 2, 10739.95, 26227119, 13, 51277, 0
2661, 22303, 3, 4, 0, 0, 30.95%, 4, 0, 2, 9995.13, 26276818, 13, 51418, 0
2666, 22345, 3, 4, 0, 0, 30.95%, 4, 0, 2, 9504.79, 26326100, 13, 51559, 0
2671, 22374, 1, 4, 0, 0, 30.95%, 4, 0, 2, 10458.97, 26361319, 13, 51652, 0
2676, 22418, 0, 4, 0, 0, 30.95%, 4, 0, 2, 10415.03, 26414919, 13, 51811, 0
2681, 22467, 0, 4, 0, 0, 30.95%, 4, 0, 2, 10259.17, 26469819, 13, 51935, 0
2687, 22512, 3, 4, 0, 0, 30.95%, 4, 0, 2, 10778.50, 26525419, 13, 52083, 0
2692, 22560, 3, 4, 0, 0, 30.95%, 4, 0, 2, 10951.92, 26582019, 13, 52227, 0
2697, 22606, 3, 4, 0, 0, 30.95%, 4, 0, 2, 10448.72, 26634827, 13, 52368, 0
2702, 22651, 3, 4, 0, 0, 30.95%, 4, 0, 2, 10700.91, 26691033, 13, 52500, 0
2707, 22692, 3, 4, 0, 0, 30.95%, 4, 0, 2, 10576.39, 26746019, 13, 52605, 0
2712, 22738, 3, 4, 0, 0, 30.95%, 4, 0, 2, 10865.39, 26801136, 13, 52739, 0
2717, 22787, 3, 4, 0, 0, 30.95%, 4, 0, 2, 10987.61, 26857839, 13, 52896, 0
2722, 22835, 3, 4, 0, 0, 30.95%, 4, 0, 2, 10771.54, 26911119, 13, 53037, 0
2728, 22880, 2, 4, 0, 0, 30.95%, 4, 0, 2, 10676.98, 26965919, 13, 53210, 0
2733, 22928, 3, 4, 0, 0, 30.95%, 4, 0, 2, 10910.65, 27022537, 13, 53364, 0
2738, 22965, 3, 4, 0, 0, 30.95%, 4, 0, 2, 11561.88, 27066519, 13, 53472, 0
2743, 23010, 3, 4, 0, 0, 30.95%, 4, 0, 2, 11117.89, 27122742, 13, 53623, 0
2748, 23060, 0, 4, 0, 0, 30.95%, 4, 0, 2, 11214.99, 27180919, 13, 53777, 0
2754, 23105, 3, 4, 0, 0, 30.95%, 4, 0, 2, 680.91, 27233939, 13, 53955, 0
2759, 23152, 1, 4, 0, 0, 30.95%, 4, 0, 2, 10716.05, 27287319, 13, 54106, 0
2764, 23199, 3, 4, 0, 0, 30.95%, 4, 0, 2, 10962.20, 27342319, 13, 54244, 0
2769, 23242, 2, 4, 0, 0, 30.95%, 4, 0, 2, 10884.21, 27397419, 13, 54408, 0
2775, 23289, 2, 4, 0, 0, 30.95%, 4, 0, 2, 10200.34, 27450419, 13, 54553, 0
2780, 23327, 3, 4, 0, 0, 30.95%, 4, 0, 2, 9356.80, 27495507, 13, 54674, 0
2785, 23372, 3, 4, 0, 0, 30.95%, 4, 0, 2, 10195.17, 27549119, 13, 54819, 0
2790, 23413, 2, 4, 0, 0, 30.95%, 4, 0, 2, 9758.70, 27599319, 13, 54942, 0
2798, 23445, 3, 4, 0, 0, 30.95%, 4, 0, 2, 458.84, 27639916, 13, 55041, 0
2803, 23488, 3, 4, 0, 0, 30.95%, 4, 0, 2, 9589.69, 27690812, 13, 55170, 0
2808, 23527, 3, 4, 0, 0, 30.95%, 4, 0, 2, 9478.00, 27737698, 13, 55310, 0
2813, 23560, 3, 4, 0, 0, 30.95%, 4, 0, 2, 9063.69, 27775076, 13, 55431, 0
2818, 23603, 3, 4, 0, 0, 30.95%, 4, 0, 2, 9685.56, 27826314, 13, 55573, 0
2823, 23646, 3, 4, 0, 0, 30.95%, 4, 0, 2, 9929.73, 27877514, 13, 55721, 0
2829, 23687, 3, 4, 0, 0, 30.95%, 4, 0, 2, 9892.64, 27927119, 13, 55860, 0
2834, 23738, 3, 4, 0, 0, 30.95%, 4, 0, 2, 10563.23, 27982731, 13, 56010, 0
2839, 23779, 0, 4, 0, 0, 30.95%, 4, 0, 2, 10168.48, 28035519, 13, 56146, 0
2845, 23813, 3, 4, 0, 0, 30.95%, 4, 0, 2, 669.52, 28073636, 13, 56256, 0
2850, 23845, 3, 4, 0, 0, 30.95%, 4, 0, 2, 10920.00, 28114025, 13, 56339, 0
2856, 23867, 3, 4, 0, 0, 30.95%, 4, 0, 2, 969.99, 28140019, 13, 56405, 0
2861, 23913, 3, 4, 0, 0, 30.95%, 4, 0, 2, 11045.03, 28196219, 13, 56569, 0
2866, 23963, 3, 4, 0, 0, 30.95%, 4, 0, 2, 10708.93, 28250434, 13, 56715, 0
2871, 24008, 3, 4, 0, 0, 30.95%, 4, 0, 2, 10794.44, 28306936, 13, 56855, 0
2876, 24050, 3, 4, 0, 0, 30.95%, 4, 0, 2, 10007.04, 28358620, 13, 56992, 0
2881, 24081, 3, 4, 0, 0, 30.95%, 4, 0, 2, 10055.00, 28395830, 13, 57105, 0
2886, 24118, 3, 4, 0, 0, 30.95%, 4, 0, 2, 9471.67, 28443200, 13, 57251, 0
2892, 24149, 3, 4, 0, 0, 30.95%, 4, 0, 2, 9895.52, 28481116, 13, 57363, 0
2897, 24200, 3, 4, 0, 0, 30.95%, 4, 0, 2, 10148.76, 28534321, 13, 57488, 0
2902, 24246, 3, 4, 0, 0, 30.95%, 4, 0, 2, 10538.22, 28587430, 13, 57627, 0
2907, 24292, 3, 4, 0, 0, 30.95%, 4, 0, 2, 10985.20, 28644539, 13, 57796, 0
2912, 24340, 2, 4, 0, 0, 30.95%, 4, 0, 2, 11143.74, 28699919, 13, 57953, 0
2917, 24383, 3, 4, 0, 0, 30.95%, 4, 0, 2, 10419.25, 28752519, 13, 58101, 0
2922, 24427, 2, 4, 0, 0, 30.95%, 4, 0, 2, 10899.31, 28808019, 13, 58242, 0
2927, 24458, 3, 4, 0, 0, 30.95%, 4, 0, 2, 6640.96, 28841858, 13, 58337, 0
2932, 24472, 3, 4, 0, 0, 30.95%, 4, 0, 2, 1749.27, 28856452, 13, 58373, 0
2938, 24485, 0, 4, 0, 0, 30.95%, 4, 0, 2, 2486.15, 28871719, 13, 58423, 0
2943, 24508, 3, 4, 0, 0, 30.95%, 4, 0, 2, 5190.18, 28900724, 13, 58494, 0
2948, 24542, 0, 4, 0, 0, 30.95%, 4, 0, 2, 104.60, 28938819, 13, 58596, 0
2953, 24584, 0, 4, 0, 0, 30.95%, 4, 0, 2, 10203.17, 28991819, 13, 58741, 0
2958, 24616, 0, 4, 0, 0, 30.95%, 4, 0, 2, 9702.69, 29026619, 13, 58819, 0
2964, 24659, 3, 4, 0, 0, 30.95%, 4, 0, 2, 9829.32, 29077315, 13, 58958, 0
2969, 24708, 3, 4, 0, 0, 30.95%, 4, 0, 2, 10830.59, 29134436, 13, 59088, 0
2974, 24756, 3, 4, 0, 0, 30.95%, 4, 0, 2, 11033.10, 29191740, 13, 59230, 0
2979, 24806, 0, 4, 0, 0, 30.95%, 4, 0, 2, 11262.65, 29249519, 13, 59393, 0
2984, 24854, 3, 4, 0, 0, 30.95%, 4, 0, 2, 11131.61, 29306619, 13, 59544, 0
2989, 24907, 2, 4, 0, 0, 30.95%, 4, 0, 2, 11277.67, 29364919, 13, 59693, 0
2994, 24955, 0, 4, 0, 0, 30.95%, 4, 0, 2, 10976.74, 29421419, 13, 59847, 0
3000, 25005, 3, 4, 0, 0, 30.95%, 4, 0, 2, 10617.35, 29476219, 13, 59992, 0
3005, 25046, 3, 4, 0, 0, 30.95%, 4, 0, 2, 10183.62, 29525125, 13, 60108, 0
3010, 25090, 3, 4, 0, 0, 30.95%, 4, 0, 2, 10969.10, 29582319, 13, 60273, 0
3015, 25139, 3, 4, 0, 0, 30.95%, 4, 0, 2, 10502.97, 29636330, 13, 60435, 0
3020, 25182, 3, 4, 0, 0, 30.95%, 4, 0, 2, 10489.78, 29688019, 13, 60588, 0
3025, 25221, 0, 4, 0, 0, 30.95%, 4, 0, 2, 10964.34, 29729519, 13, 60684, 0
3030, 25271, 3, 4, 0, 0, 30.95%, 4, 0, 2, 11165.80, 29787219, 13, 60834, 0
3035, 25322, 3, 4, 0, 0, 30.95%, 4, 0, 2, 11174.26, 29845319, 13, 61020, 0
3041, 25371, 3, 4, 0, 0, 30.95%, 4, 0, 2, 11118.19, 29903842, 13, 61175, 0
3046, 25421, 2, 4, 0, 0, 30.95%, 4, 0, 2, 11146.84, 29961819, 13, 61314, 0
3051, 25467, 3, 4, 0, 0, 30.95%, 4, 0, 2, 11050.87, 30019340, 13, 61470, 0
3056, 25515, 3, 4, 0, 0, 30.95%, 4, 0, 2, 11117.23, 30077219, 13, 61631, 0
3061, 25562, 3, 4, 0, 0, 30.95%, 4, 0, 2, 10698.76, 30130534, 13, 61771, 0
3066, 25608, 3, 4, 0, 0, 30.95%, 4, 0, 2, 10687.03, 30186819, 13, 61937, 0
3071, 25657, 3, 4, 0, 0, 30.95%, 4, 0, 2, 10929.53, 30244119, 13, 62096, 0
3077, 25704, 3, 4, 0, 0, 30.95%, 4, 0, 2, 10942.72, 30300819, 13, 62227, 0
3082, 25751, 3, 4, 0, 0, 30.95%, 4, 0, 2, 10568.05, 30354630, 13, 62367, 0
3087, 25793, 3, 4, 0, 0, 30.95%, 4, 0, 2, 10268.81, 30405626, 13, 62528, 0
3092, 25839, 2, 4, 0, 0, 30.95%, 4, 0, 2, 10733.84, 30459719, 13, 62671, 0
3097, 25888, 0, 4, 0, 0, 30.95%, 4, 0, 2, 11145.18, 30517319, 13, 62836, 0
3102, 25921, 3, 4, 0, 0, 30.95%, 4, 0, 2, 10462.36, 30557129, 13, 62951, 0
3107, 25966, 3, 4, 0, 0, 30.95%, 4, 0, 2, 10539.02, 30612731, 13, 63104, 0
3112, 26010, 3, 4, 0, 0, 30.95%, 4, 0, 2, 10042.63, 30663919, 13, 63240, 0
3118, 26038, 3, 4, 0, 0, 30.95%, 4, 0, 2, 9673.52, 30697904, 13, 63324, 0
3123, 26078, 0, 4, 0, 0, 30.95%, 4, 0, 2, 10169.12, 30748819, 13, 63456, 0
3128, 26122, 2, 4, 0, 0, 30.95%, 4, 0, 2, 10373.67, 30799619, 13, 63609, 0
3133, 26168, 1, 4, 0, 0, 30.95%, 4, 0, 2, 10475.84, 30854419, 13, 63752, 0
3138, 26212, 3, 4, 0, 0, 30.95%, 4, 0, 2, 10138.16, 30904823, 13, 63887, 0
3143, 26252, 3, 4, 0, 0, 30.95%, 4, 0, 2, 9843.25, 30954216, 13, 64030, 0
3148, 26301, 3, 4, 0, 0, 30.95%, 4, 0, 2, 10268.76, 31007926, 13, 64166, 0
3153, 26347, 2, 4, 0, 0, 30.95%, 4, 0, 2, 10790.30, 31064019, 13, 64306, 0
3158, 26391, 3, 4, 0, 0, 30.95%, 4, 0, 2, 10660.73, 31114519, 13, 64423, 0
3163, 26437, 3, 4, 0, 0, 30.95%, 4, 0, 2, 10480.92, 31166619, 13, 64562, 0
3169, 26483, 3, 4, 0, 0, 30.95%, 4, 0, 2, 10505.18, 31221730, 13, 64729, 0
3174, 26530, 2, 4, 0, 0, 30.95%, 4, 0, 2, 10492.44, 31275619, 13, 64855, 0
3179, 26574, 3, 4, 0, 0, 30.95%, 4, 0, 2, 10411.04, 31329219, 13, 64993, 0
3184, 26621, 3, 4, 0, 0, 30.95%, 4, 0, 2, 10177.54, 31381822, 13, 65150, 0
3189, 26670, 3, 4, 0, 0, 30.95%, 4, 0, 2, 10601.75, 31437719, 13, 65315, 0
3194, 26717, 0, 4, 0, 0, 30.95%, 4, 0, 2, 10581.98, 31490619, 13, 65462, 0
3200, 26765, 3, 4, 0, 0, 30.95%, 4, 0, 2, 10534.70, 31544019, 13, 65597, 0
3205, 26797, 3, 4, 0, 0, 30.95%, 4, 0, 2, 10746.27, 31582889, 13, 65700, 0
3210, 26840, 3, 4, 0, 0, 30.95%, 4, 0, 2, 10539.46, 31636819, 13, 65850, 0
3215, 26888, 0, 4, 0, 0, 30.95%, 4, 0, 2, 10702.85, 31691419, 13, 65990, 0
3220, 26935, 2, 4, 0, 0, 30.95%, 4, 0, 2, 10520.60, 31746419, 13, 66124, 0
3225, 26981, 3, 4, 0, 0, 30.95%, 4, 0, 2, 10851.68, 31803537, 13, 66265, 0
3231, 27014, 2, 4, 0, 0, 30.95%, 4, 0, 2, 10418.97, 31843919, 13, 66366, 0
3236, 27063, 3, 4, 0, 0, 30.95%, 4, 0, 2, 10529.09, 31899019, 13, 66520, 0
3241, 27107, 3, 4, 0, 0, 30.95%, 4, 0, 2, 10478.11, 31950829, 13, 66647, 0
3246, 27152, 3, 4, 0, 0, 30.95%, 4, 0, 2, 10264.28, 32004124, 13, 66797, 0
3251, 27197, 3, 4, 0, 0, 30.95%, 4, 0, 2, 10494.48, 32056419, 13, 66944, 0
3256, 27246, 2, 4, 0, 0, 30.95%, 4, 0, 2, 10871.16, 32112819, 13, 67100, 0
3261, 27292, 3, 4, 0, 0, 30.95%, 4, 0, 2, 10839.60, 32168019, 13, 67238, 0
3266, 27325, 0, 4, 0, 0, 30.95%, 4, 0, 2, 10934.92, 32207619, 13, 67348, 0
3272, 27356, 3, 4, 0, 0, 30.95%, 4, 0, 2, 10554.38, 32244819, 13, 67457, 0
3277, 27405, 3, 4, 0, 0, 30.95%, 4, 0, 2, 10905.74, 32301139, 13, 67604, 0
3282, 27449, 3, 4, 0, 0, 30.95%, 4, 0, 2, 10610.81, 32355432, 13, 67750, 0
3287, 27499, 3, 4, 0, 0, 30.95%, 4, 0, 2, 10675.08, 32410219, 13, 67882, 0
3292, 27542, 3, 4, 0, 0, 30.95%, 4, 0, 2, 10561.08, 32462330, 13, 68007, 0
3297, 27579, 3, 4, 0, 0, 30.95%, 4, 0, 2, 1317.98, 32505937, 13, 68106, 0
3303, 27621, 3, 4, 0, 0, 30.95%, 4, 0, 2, 9878.45, 32556217, 13, 68235, 0
3309, 27660, 3, 4, 0, 0, 30.95%, 4, 0, 2, 773.35, 32598661, 13, 68354, 0
3314, 27708, 3, 4, 0, 0, 30.95%, 4, 0, 2, 11181.74, 32656243, 13, 68489, 0
3319, 27755, 3, 4, 0, 0, 30.95%, 4, 0, 2, 10780.41, 32711735, 13, 68633, 0
3324, 27806, 0, 4, 0, 0, 30.95%, 4, 0, 2, 11081.70, 32769319, 13, 68801, 0
3330, 27855, 3, 4, 0, 0, 30.95%, 4, 0, 2, 11118.19, 32827219, 13, 68960, 0
3335, 27901, 3, 4, 0, 0, 30.95%, 4, 0, 2, 11023.74, 32884019, 13, 69096, 0
3340, 27941, 0, 4, 0, 0, 30.95%, 4, 0, 2, 320.14, 32932619, 13, 69218, 0
3345, 27987, 3, 4, 0, 0, 30.95%, 4, 0, 2, 10770.99, 32986019, 13, 69341, 0
3351, 28022, 3, 4, 0, 0, 30.95%, 4, 0, 2, 9743.35, 33025404, 13, 69441, 0
3356, 28066, 2, 4, 0, 0, 30.95%, 4, 0, 2, 10059.17, 33077219, 13, 69579, 0
3361, 28110, 3, 4, 0, 0, 30.95%, 4, 0, 2, 10424.66, 33130027, 13, 69715, 0
3366, 28154, 3, 4, 0, 0, 30.95%, 4, 0, 2, 10269.28, 33181124, 13, 69846, 0
3371, 28194, 3, 4, 0, 0, 30.95%, 4, 0, 2, 10037.37, 33224721, 13, 69962, 0
3376, 28235, 0, 4, 0, 0, 30.95%, 4, 0, 2, 10165.05, 33276919, 13, 70112, 0
3381, 28276, 2, 4, 0, 0, 30.95%, 4, 0, 2, 9963.34, 33327819, 13, 70226, 0
3386, 28323, 3, 4, 0, 0, 30.95%, 4, 0, 2, 10241.80, 33381519, 13, 70372, 0
3392, 28374, 0, 4, 0, 0, 30.95%, 4, 0, 2, 10610.09, 33436119, 13, 70542, 0
3397, 28425, 3, 4, 0, 0, 30.95%, 4, 0, 2, 10877.62, 33492838, 13, 70667, 0
3402, 28476, 3, 4, 0, 0, 30.95%, 4, 0, 2, 11131.13, 33551519, 13, 70831, 0
3407, 28511, 3, 4, 0, 0, 30.95%, 4, 0, 2, 11123.28, 33591742, 13, 70941, 0
3412, 28554, 3, 4, 0, 0, 30.95%, 4, 0, 2, 10830.95, 33646837, 13, 71081, 0
3417, 28591, 3, 4, 0, 0, 30.95%, 4, 0, 2, 11310.44, 33687019, 13, 71185, 0
3422, 28624, 3, 4, 0, 0, 30.95%, 4, 0, 2, 10692.68, 33727819, 13, 71291, 0
3427, 28673, 3, 4, 0, 0, 30.95%, 4, 0, 2, 10919.69, 33781319, 13, 71436, 0
3433, 28722, 3, 4, 0, 0, 30.95%, 4, 0, 2, 10646.29, 33836232, 13, 71572, 0
3438, 28765, 1, 4, 0, 0, 30.95%, 4, 0, 2, 10394.51, 33888919, 13, 71708, 0
3443, 28811, 2, 4, 0, 0, 30.95%, 4, 0, 2, 10705.25, 33944719, 13, 71867, 0
3448, 28856, 3, 4, 0, 0, 30.95%, 4, 0, 2, 10618.76, 33999619, 13, 72024, 0
3453, 28904, 2, 4, 0, 0, 30.95%, 4, 0, 2, 10762.52, 34053319, 13, 72148, 0
3458, 28954, 2, 4, 0, 0, 30.95%, 4, 0, 2, 10897.50, 34107619, 13, 72308, 0
3463, 29000, 3, 4, 0, 0, 30.95%, 4, 0, 2, 10805.14, 34162719, 13, 72437, 0
3468, 29044, 3, 4, 0, 0, 30.95%, 4, 0, 2, 10714.17, 34215819, 13, 72579, 0
3475, 29091, 3, 4, 0, 0, 30.95%, 4, 0, 2, 796.81, 34269037, 13, 72714, 0
3480, 29141, 3, 4, 0, 0, 30.95%, 4, 0, 2, 10628.87, 34324331, 13, 72860, 0
3485, 29186, 3, 4, 0, 0, 30.95%, 4, 0, 2, 10439.73, 34379519, 13, 73002, 0
3490, 29233, 2, 4, 0, 0, 30.95%, 4, 0, 2, 10636.07, 34436419, 13, 73147, 0
3495, 29268, 3, 4, 0, 0, 30.95%, 4, 0, 2, 10589.53, 34478619, 13, 73257, 0
3500, 29317, 3, 4, 0, 0, 30.95%, 4, 0, 2, 10869.51, 34535019, 13, 73428, 0
3505, 29362, 3, 4, 0, 0, 30.95%, 4, 0, 2, 10659.00, 34587219, 13, 73556, 0
3510, 29392, 0, 4, 0, 0, 30.95%, 4, 0, 2, 11048.64, 34621619, 13, 73633, 0
3516, 29441, 0, 4, 0, 0, 30.95%, 4, 0, 2, 10702.12, 34676119, 13, 73772, 0
3521, 29484, 3, 4, 0, 0, 30.95%, 4, 0, 2, 9878.25, 34727116, 13, 73894, 0
3526, 29515, 3, 4, 0, 0, 30.95%, 4, 0, 2, 10943.79, 34765039, 13, 73993, 0
3531, 29549, 0, 4, 0, 0, 30.95%, 4, 0, 2, 9907.28, 34804719, 13, 74099, 0
3536, 29591, 3, 4, 0, 0, 30.95%, 4, 0, 2, 9830.03, 34854715, 13, 74241, 0
3541, 29633, 3, 4, 0, 0, 30.95%, 4, 0, 2, 9916.38, 34904716, 13, 74374, 0
3547, 29679, 0, 4, 0, 0, 30.95%, 4, 0, 2, 10272.20, 34957619, 13, 74502, 0
3552, 29729, 3, 4, 0, 0, 30.95%, 4, 0, 2, 10553.57, 35013431, 13, 74634, 0
3557, 29777, 3, 4, 0, 0, 30.95%, 4, 0, 2, 10870.37, 35069619, 13, 74780, 0
3562, 29829, 3, 4, 0, 0, 30.95%, 4, 0, 2, 10662.20, 35124232, 13, 74932, 0
3567, 29876, 2, 4, 0, 0, 30.95%, 4, 0, 2, 10732.44, 35180019, 13, 75087, 0
3573, 29922, 3, 4, 0, 0, 30.95%, 4, 0, 2, 10671.74, 35235533, 13, 75234, 0
3578, 29970, 3, 4, 0, 0, 30.95%, 4, 0, 2, 9382.49, 35291607, 13, 75369, 0
3583, 30011, 0, 4, 0, 0, 30.95%, 4, 0, 2, 11071.50, 35340519, 13, 75506, 0
3588, 30056, 3, 4, 0, 0, 30.95%, 4, 0, 2, 10283.20, 35391726, 13, 75640, 0
3593, 30099, 0, 4, 0, 0, 30.95%, 4, 0, 2, 10458.05, 35443619, 13, 75782, 0
3598, 30143, 0, 4, 0, 0, 30.95%, 4, 0, 2, 10329.69, 35496419, 13, 75914, 0
3603, 30189, 2, 4, 0, 0, 30.95%, 4, 0, 2, 10295.50, 35550719, 13, 76068, 0
3608, 30238, 3, 4, 0, 0, 30.95%, 4, 0, 2, 9894.52, 35605423, 13, 76236, 0
3615, 30279, 3, 4, 0, 0, 30.95%, 4, 0, 2, 987.00, 35654019, 13, 76378, 0
3620, 30302, 0, 4, 0, 0, 30.95%, 4, 0, 2, 223.53, 35682019, 13, 76452, 0
3626, 30337, 2, 4, 0, 0, 30.95%, 4, 0, 2, 1171.39, 35725619, 13, 76570, 0
3631, 30386, 2, 4, 0, 0, 30.95%, 4, 0, 2, 10998.44, 35782119, 13, 76720, 0
3637, 30434, 3, 4, 0, 0, 30.95%, 4, 0, 2, 10833.24, 35837919, 13, 76895, 0
3642, 30479, 3, 4, 0, 0, 30.95%, 4, 0, 2, 10844.21, 35893519, 13, 77043, 0
3647, 30530, 3, 4, 0, 0, 30.95%, 4, 0, 2, 11133.31, 35949542, 13, 77185, 0
3652, 30578, 0, 4, 0, 0, 30.95%, 4, 0, 2, 10939.16, 36005719, 13, 77329, 0
3657, 30623, 3, 4, 0, 0, 30.95%, 4, 0, 2, 10791.34, 36059019, 13, 77455, 0
3662, 30673, 3, 4, 0, 0, 30.95%, 4, 0, 2, 11095.20, 36116519, 13, 77594, 0
3667, 30721, 3, 4, 0, 0, 30.95%, 4, 0, 2, 11065.42, 36174219, 13, 77739, 0
3672, 30772, 3, 4, 0, 0, 30.95%, 4, 0, 2, 11108.89, 36232542, 13, 77890, 0
3678, 30822, 3, 4, 0, 0, 30.95%, 4, 0, 2, 11018.52, 36289119, 13, 78015, 0
3683, 30872, 0, 4, 0, 0, 30.95%, 4, 0, 2, 11161.84, 36346519, 13, 78153, 0
3688, 30919, 3, 4, 0, 0, 30.95%, 4, 0, 2, 10588.92, 36400332, 13, 78307, 0
3693, 30968, 3, 4, 0, 0, 30.95%, 4, 0, 2, 10693.36, 36456333, 13, 78465, 0
3698, 31017, 3, 4, 0, 0, 30.95%, 4, 0, 2, 11191.56, 36514419, 13, 78609, 0
3703, 31064, 3, 4, 0, 0, 30.95%, 4, 0, 2, 11003.63, 36570639, 13, 78736, 0
3710, 31109, 3, 4, 0, 0, 30.95%, 4, 0, 2, 189.05, 36621440, 13, 78892, 0
3715, 31157, 3, 4, 0, 0, 30.95%, 4, 0, 2, 11068.17, 36678741, 13, 79034, 0
3720, 31204, 2, 4, 0, 0, 30.95%, 4, 0, 2, 11244.68, 36734519, 13, 79176, 0
3725, 31255, 3, 4, 0, 0, 30.95%, 4, 0, 2, 11144.19, 36792119, 13, 79318, 0
3730, 31290, 3, 4, 0, 0, 30.95%, 4, 0, 2, 10513.98, 36835119, 13, 79431, 0
3735, 31337, 3, 4, 0, 0, 30.95%, 4, 0, 2, 10771.81, 36890535, 13, 79569, 0
3740, 31387, 3, 4, 0, 0, 30.95%, 4, 0, 2, 10894.66, 36947237, 13, 79694, 0
3746, 31438, 2, 4, 0, 0, 30.95%, 4, 0, 2, 11162.24, 37005319, 13, 79852, 0
3751, 31485, 3, 4, 0, 0, 30.95%, 4, 0, 2, 10862.94, 37061419, 13, 79991, 0
3756, 31530, 3, 4, 0, 0, 30.95%, 4, 0, 2, 10519.92, 37113830, 13, 80113, 0
3761, 31561, 3, 4, 0, 0, 30.95%, 4, 0, 2, 10125.89, 37152919, 13, 80212, 0
3766, 31606, 3, 4, 0, 0, 30.95%, 4, 0, 2, 10196.43, 37205725, 13, 80350, 0
3772, 31643, 3, 4, 0, 0, 30.95%, 4, 0, 2, 1036.22, 37248723, 13, 80475, 0
3777, 31676, 3, 4, 0, 0, 30.95%, 4, 0, 2, 9064.15, 37286278, 13, 80591, 0
3782, 31721, 3, 4, 0, 0, 30.95%, 4, 0, 2, 9718.59, 37337414, 13, 80726, 0
3787, 31767, 3, 4, 0, 0, 30.95%, 4, 0, 2, 10292.17, 37391726, 13, 80851, 0
3787, 31767, 3, 4, 0, 0, 30.95%, 4, 0, 2, 0.00, 37392625, 13, 80855, 0
3793, 31804, 3, 4, 0, 0, 30.95%, 4, 0, 2, 11306.77, 37433147, 13, 80962, 0
3798, 31852, 3, 4, 0, 0, 30.95%, 4, 0, 2, 10899.38, 37488137, 13, 81107, 0
3803, 31893, 3, 4, 0, 0, 30.95%, 4, 0, 2, 10776.03, 37539719, 13, 81239, 0
3808, 31938, 3, 4, 0, 0, 30.95%, 4, 0, 2, 10774.15, 37592834, 13, 81365, 0
3813, 31986, 3, 4, 0, 0, 30.95%, 4, 0, 2, 11075.49, 37650619, 13, 81531, 0
3818, 32032, 3, 4, 0, 0, 30.95%, 4, 0, 2, 11290.38, 37705919, 13, 81672, 0
3823, 32068, 3, 4, 0, 0, 30.95%, 4, 0, 2, 859.79, 37747439, 13, 81787, 0
3828, 32111, 3, 4, 0, 0, 30.95%, 4, 0, 2, 10685.60, 37800219, 13, 81927, 0
3833, 32160, 3, 4, 0, 0, 30.95%, 4, 0, 2, 10939.63, 37857119, 13, 82063, 0
3839, 32211, 0, 4, 0, 0, 30.95%, 4, 0, 2, 11110.96, 37914819, 13, 82207, 0
3844, 32245, 3, 4, 0, 0, 30.95%, 4, 0, 2, 10842.36, 37954337, 13, 82309, 0
3849, 32292, 0, 4, 0, 0, 30.95%, 4, 0, 2, 11045.76, 38009119, 13, 82468, 0
3854, 32342, 3, 4, 0, 0, 30.95%, 4, 0, 2, 10948.67, 38065319, 13, 82609, 0
3860, 32378, 3, 4, 0, 0, 30.95%, 4, 0, 2, 692.05, 38111037, 13, 82730, 0
3865, 32426, 2, 4, 0, 0, 30.95%, 4, 0, 2, 10798.98, 38166519, 13, 82888, 0
3870, 32471, 0, 4, 0, 0, 30.95%, 4, 0, 2, 10922.13, 38223319, 13, 83032, 0
3875, 32518, 3, 4, 0, 0, 30.95%, 4, 0, 2, 10766.64, 38279119, 13, 83185, 0
3880, 32568, 3, 4, 0, 0, 30.95%, 4, 0, 2, 11061.44, 38336819, 13, 83344, 0
3885, 32605, 3, 4, 0, 0, 30.95%, 4, 0, 2, 10433.68, 38376019, 13, 83451, 0
3891, 32650, 2, 4, 0, 0, 30.95%, 4, 0, 2, 10797.70, 38432119, 13, 83607, 0
3896, 32699, 3, 4, 0, 0, 30.95%, 4, 0, 2, 10962.23, 38488738, 13, 83759, 0
3901, 32748, 3, 4, 0, 0, 30.95%, 4, 0, 2, 10521.93, 38542219, 13, 83915, 0
3906, 32798, 3, 4, 0, 0, 30.95%, 4, 0, 2, 10799.43, 38598234, 13, 84051, 0
3912, 32837, 3, 4, 0, 0, 30.95%, 4, 0, 2, 817.28, 38645319, 13, 84159, 0
3917, 32871, 3, 4, 0, 0, 30.95%, 4, 0, 2, 11461.74, 38684219, 13, 84259, 0
3922, 32919, 3, 4, 0, 0, 30.95%, 4, 0, 2, 10937.08, 38740119, 13, 84397, 0
3928, 32963, 3, 4, 0, 0, 30.95%, 4, 0, 2, 10381.53, 38793019, 13, 84552, 0
3933, 32998, 2, 4, 0, 0, 30.95%, 4, 0, 2, 11153.99, 38833219, 13, 84648, 0
3938, 33050, 3, 4, 0, 0, 30.95%, 4, 0, 2, 11228.73, 38890744, 13, 84764, 0
3943, 33083, 2, 4, 0, 0, 30.95%, 4, 0, 2, 10248.07, 38929919, 13, 84860, 0
3948, 33127, 3, 4, 0, 0, 30.95%, 4, 0, 2, 10195.65, 38981819, 13, 84988, 0
3953, 33158, 0, 4, 0, 0, 30.95%, 4, 0, 2, 10205.39, 39017719, 13, 85072, 0
3958, 33204, 3, 4, 0, 0, 30.95%, 4, 0, 2, 10543.40, 39072530, 13, 85238, 0
3963, 33238, 3, 4, 0, 0, 30.95%, 4, 0, 2, 11021.12, 39112319, 13, 85333, 0
3970, 33272, 3, 4, 0, 0, 30.95%, 4, 0, 2, 744.54, 39154119, 13, 85429, 0
3975, 33318, 3, 4, 0, 0, 30.95%, 4, 0, 2, 10711.40, 39207333, 13, 85570, 0
3980, 33339, 2, 4, 0, 0, 30.95%, 4, 0, 2, 11526.57, 39232619, 13, 85641, 0
3986, 33385, 3, 4, 0, 0, 30.95%, 4, 0, 2, 10951.66, 39288519, 13, 85786, 0
3994, 33431, 3, 4, 0, 0, 30.95%, 4, 0, 2, 450.45, 39345142, 13, 85927, 0
3999, 33478, 3, 4, 0, 0, 30.95%, 4, 0, 2, 10539.12, 39400440, 13, 86069, 0
4004, 33513, 3, 4, 0, 0, 30.95%, 4, 0, 2, 10657.58, 39440919, 13, 86173, 0
4009, 33562, 3, 4, 0, 0, 30.95%, 4, 0, 2, 10673.21, 39495319, 13, 86306, 0
4014, 33607, 3, 4, 0, 0, 30.95%, 4, 0, 2, 10616.79, 39551419, 13, 86437, 0
4019, 33639, 3, 4, 0, 0, 30.95%, 4, 0, 2, 10155.95, 39590222, 13, 86541, 0
4024, 33671, 3, 4, 0, 0, 30.95%, 4, 0, 2, 9961.77, 39627316, 13, 86658, 0
4029, 33719, 3, 4, 0, 0, 30.95%, 4, 0, 2, 10685.73, 39681419, 13, 86795, 0
4034, 33760, 3, 4, 0, 0, 30.95%, 4, 0, 2, 9959.23, 39730916, 13, 86931, 0
4039, 33805, 3, 4, 0, 0, 30.95%, 4, 0, 2, 10054.43, 39781319, 13, 87067, 0
4044, 33835, 0, 4, 0, 0, 30.95%, 4, 0, 2, 10479.00, 39819319, 13, 87176, 0
4050, 33882, 0, 4, 0, 0, 30.95%, 4, 0, 2, 10632.58, 39873119, 13, 87327, 0
4055, 33930, 3, 4, 0, 0, 30.95%, 4, 0, 2, 10981.04, 39930539, 13, 87478, 0
4060, 33977, 2, 4, 0, 0, 30.95%, 4, 0, 2, 10868.06, 39989219, 13, 87630, 0
4065, 34022, 3, 4, 0, 0, 30.95%, 4, 0, 2, 10130.55, 40040221, 13, 87746, 0
4070, 34064, 0, 4, 0, 0, 30.95%, 4, 0, 2, 9713.20, 40090219, 13, 87891, 0
4075, 34094, 3, 4, 0, 0, 30.95%, 4, 0, 2, 10108.45, 40128119, 13, 87983, 0
4081, 34143, 2, 4, 0, 0, 30.95%, 4, 0, 2, 10414.37, 40182419, 13, 88137, 0
4086, 34191, 2, 4, 0, 0, 30.95%, 4, 0, 2, 10762.52, 40238419, 13, 88286, 0
4091, 34238, 0, 4, 0, 0, 30.95%, 4, 0, 2, 10737.18, 40291619, 13, 88430, 0
4096, 34284, 2, 4, 0, 0, 30.95%, 4, 0, 2, 9871.49, 40341519, 13, 88542, 0
4101, 34328, 3, 4, 0, 0, 30.95%, 4, 0, 2, 10794.42, 40398234, 13, 88695, 0
4106, 34376, 3, 4, 0, 0, 30.95%, 4, 0, 2, 10782.51, 40453936, 13, 88826, 0
4111, 34425, 0, 4, 0, 0, 30.95%, 4, 0, 2, 10877.16, 40508519, 13, 88975, 0
4116, 34464, 2, 4, 0, 0, 30.95%, 4, 0, 2, 10268.87, 40547719, 13, 89086, 0
4122, 34514, 1, 4, 0, 0, 30.95%, 4, 0, 2, 10902.21, 40605319, 13, 89245, 0
4127, 34563, 0, 4, 0, 0, 30.95%, 4, 0, 2, 10946.35, 40662019, 13, 89406, 0
4132, 34607, 3, 4, 0, 0, 30.95%, 4, 0, 2, 10610.58, 40715231, 13, 89559, 0
4137, 34653, 3, 4, 0, 0, 30.95%, 4, 0, 2, 10398.75, 40769227, 13, 89685, 0
4142, 34696, 2, 4, 0, 0, 30.95%, 4, 0, 2, 10308.17, 40823019, 13, 89810, 0
4147, 34730, 1, 4, 0, 0, 30.95%, 4, 0, 2, 10567.15, 40862419, 13, 89906, 0
4153, 34769, 3, 4, 0, 0, 30.95%, 4, 0, 2, 9309.66, 40910110, 13, 90021, 0
4158, 34807, 3, 4, 0, 0, 30.95%, 4, 0, 2, 9331.83, 40954390, 13, 90143, 0
4163, 34849, 3, 4, 0, 0, 30.95%, 4, 0, 2, 10107.23, 41006719, 13, 90279, 0
4168, 34898, 0, 4, 0, 0, 30.95%, 4, 0, 2, 10656.69, 41061219, 13, 90421, 0
4173, 34941, 0, 4, 0, 0, 30.95%, 4, 0, 2, 10789.51, 41115219, 13, 90554, 0
4178, 34988, 3, 4, 0, 0, 30.95%, 4, 0, 2, 10913.49, 41171538, 13, 90715, 0
4183, 35032, 3, 4, 0, 0, 30.95%, 4, 0, 2, 10696.59, 41225219, 13, 90832, 0
4189, 35081, 3, 4, 0, 0, 30.95%, 4, 0, 2, 9917.00, 41281617, 13, 90973, 0
4194, 35129, 3, 4, 0, 0, 30.95%, 4, 0, 2, 10584.81, 41338030, 13, 91116, 0
4200, 35171, 3, 4, 0, 0, 30.95%, 4, 0, 2, 292.80, 41386238, 13, 91243, 0
4205, 35207, 3, 4, 0, 0, 30.95%, 4, 0, 2, 9942.93, 41424924, 13, 91343, 0
4210, 35248, 3, 4, 0, 0, 30.95%, 4, 0, 2, 10380.74, 41476226, 13, 91486, 0
4215, 35295, 3, 4, 0, 0, 30.95%, 4, 0, 2, 10818.19, 41532037, 13, 91637, 0
4220, 35345, 0, 4, 0, 0, 30.95%, 4, 0, 2, 11128.21, 41590319, 13, 91806, 0
4225, 35380, 3, 4, 0, 0, 30.95%, 4, 0, 2, 10770.12, 41630019, 13, 91903, 0
4230, 35427, 0, 4, 0, 0, 30.95%, 4, 0, 2, 10700.26, 41683819, 13, 92076, 0
4236, 35474, 3, 4, 0, 0, 30.95%, 4, 0, 2, 11035.39, 41741319, 13, 92234, 0
4241, 35519, 3, 4, 0, 0, 30.95%, 4, 0, 2, 10952.41, 41794938, 13, 92367, 0
4246, 35552, 3, 4, 0, 0, 30.95%, 4, 0, 2, 10520.45, 41834730, 13, 92463, 0
4251, 35603, 3, 4, 0, 0, 30.95%, 4, 0, 2, 10908.24, 41892637, 13, 92627, 0
4256, 35635, 0, 4, 0, 0, 30.95%, 4, 0, 2, 10708.95, 41931919, 13, 92729, 0
4261, 35676, 0, 4, 0, 0, 30.95%, 4, 0, 2, 10031.87, 41982219, 13, 92877, 0
4267, 35714, 3, 4, 0, 0, 30.95%, 4, 0, 2, 786.89, 42026919, 13, 93002, 0
4272, 35747, 3, 4, 0, 0, 30.95%, 4, 0, 2, 11076.77, 42064040, 13, 93101, 0
4277, 35792, 3, 4, 0, 0, 30.95%, 4, 0, 2, 10651.17, 42118632, 13, 93234, 0
4282, 35837, 0, 4, 0, 0, 30.95%, 4, 0, 2, 10644.28, 42175119, 13, 93367, 0
4287, 35882, 3, 4, 0, 0, 30.95%, 4, 0, 2, 10579.35, 42230019, 13, 93522, 0
4292, 35929, 2, 4, 0, 0, 30.95%, 4, 0, 2, 10206.33, 42281419, 13, 93650, 0
4297, 35978, 0, 4, 0, 0, 30.95%, 4, 0, 2, 11127.31, 42335619, 13, 93792, 0
4303, 36027, 3, 4, 0, 0, 30.95%, 4, 0, 2, 11028.60, 42392019, 13, 93950, 0
4308, 36067, 3, 4, 0, 0, 30.95%, 4, 0, 2, 11450.32, 42439749, 13, 94084, 0
4313, 36119, 2, 4, 0, 0, 30.95%, 4, 0, 2, 11267.12, 42497919, 13, 94233, 0
4318, 36169, 3, 4, 0, 0, 30.95%, 4, 0, 2, 10749.15, 42554036, 13, 94380, 0
4323, 36214, 3, 4, 0, 0, 30.95%, 4, 0, 2, 10885.26, 42610019, 13, 94532, 0
4328, 36258, 0, 4, 0, 0, 30.95%, 4, 0, 2, 10943.12, 42665219, 13, 94676, 0
4334, 36303, 3, 4, 0, 0, 30.95%, 4, 0, 2, 11018.76, 42722541, 13, 94816, 0
4339, 36350, 1, 4, 0, 0, 30.95%, 4, 0, 2, 10760.11, 42777819, 13, 94974, 0
4344, 36400, 2, 4, 0, 0, 30.95%, 4, 0, 2, 10919.46, 42834419, 13, 95122, 0
4349, 36426, 3, 4, 0, 0, 30.95%, 4, 0, 2, 10711.44, 42866272, 13, 95208, 0
4354, 36461, 0, 4, 0, 0, 30.95%, 4, 0, 2, 11003.78, 42906219, 13, 95308, 0
4359, 36508, 0, 4, 0, 0, 30.95%, 4, 0, 2, 10584.74, 42957519, 13, 95426, 0
4365, 36551, 3, 4, 0, 0, 30.95%, 4, 0, 2, 1207.32, 43009719, 13, 95549, 0
4373, 36599, 3, 4, 0, 0, 30.95%, 4, 0, 2, 675.90, 43067219, 13, 95709, 0
4378, 36650, 3, 4, 0, 0, 30.95%, 4, 0, 2, 10973.06, 43124519, 13, 95871, 0
4384, 36682, 3, 4, 0, 0, 30.95%, 4, 0, 2, 343.85, 43164040, 13, 95989, 0
4389, 36728, 3, 4, 0, 0, 30.95%, 4, 0, 2, 10884.23, 43220637, 13, 96125, 0
4394, 36773, 3, 4, 0, 0, 30.95%, 4, 0, 2, 10827.47, 43275835, 13, 96264, 0
4399, 36824, 3, 4, 0, 0, 30.95%, 4, 0, 2, 10722.54, 43332733, 13, 96406, 0
4404, 36874, 3, 4, 0, 0, 30.95%, 4, 0, 2, 11063.44, 43390319, 13, 96571, 0
4409, 36924, 3, 4, 0, 0, 30.95%, 4, 0, 2, 11043.81, 43447719, 13, 96708, 0
4414, 36967, 3, 4, 0, 0, 30.95%, 4, 0, 2, 10248.06, 43499819, 13, 96850, 0
4420, 37010, 3, 4, 0, 0, 30.95%, 4, 0, 2, 10026.92, 43550521, 13, 96962, 0
4425, 37056, 0, 4, 0, 0, 30.95%, 4, 0, 2, 10373.51, 43603319, 13, 97080, 0
4430, 37098, 3, 4, 0, 0, 30.95%, 4, 0, 2, 10027.25, 43654118, 13, 97232, 0
4435, 37137, 2, 4, 0, 0, 30.95%, 4, 0, 2, 9222.98, 43701619, 13, 97356, 0
4440, 37179, 3, 4, 0, 0, 30.95%, 4, 0, 2, 9276.12, 43749892, 13, 97509, 0
4445, 37219, 3, 4, 0, 0, 30.95%, 4, 0, 2, 8962.21, 43797090, 13, 97647, 0
4450, 37244, 2, 4, 0, 0, 30.95%, 4, 0, 2, 9891.82, 43828219, 13, 97747, 0
4456, 37279, 3, 4, 0, 0, 30.95%, 4, 0, 2, 1531.29, 43866519, 13, 97850, 0
4461, 37329, 3, 4, 0, 0, 30.95%, 4, 0, 2, 10909.13, 43923938, 13, 97997, 0
4466, 37372, 3, 4, 0, 0, 30.95%, 4, 0, 2, 10382.13, 43974526, 13, 98130, 0
4471, 37421, 0, 4, 0, 0, 30.95%, 4, 0, 2, 10839.36, 44031019, 13, 98267, 0
4476, 37469, 3, 4, 0, 0, 30.95%, 4, 0, 2, 10894.30, 44085637, 13, 98432, 0
4483, 37516, 3, 4, 0, 0, 30.95%, 4, 0, 2, 338.12, 44140237, 13, 98583, 0
4488, 37565, 2, 4, 0, 0, 30.95%, 4, 0, 2, 10901.28, 44196519, 13, 98729, 0
4493, 37607, 3, 4, 0, 0, 30.95%, 4, 0, 2, 10015.90, 44245319, 13, 98873, 0
4498, 37636, 3, 4, 0, 0, 30.95%, 4, 0, 2, 10461.10, 44282019, 13, 98976, 0
4502, 37672, 0, 4, 0, 0, 30.95%, 4, 0, 2, 10708.74, 44323624, 13, 99076, 0
