# relative_time, cycles_done, cur_item, corpus_count, pending_total, pending_favs, map_size, saved_crashes, saved_hangs, max_depth, execs_per_sec, total_execs, edges_found, total_crashes, servers_count
61, 38, 77, 104, 0, 0, 53.52%, 9, 0, 8, 7096.74, 530422, 38, 103, 0
66, 41, 14, 104, 0, 0, 53.52%, 9, 0, 8, 7588.40, 569947, 38, 117, 0
71, 44, 95, 104, 0, 0, 53.52%, 10, 0, 8, 7927.90, 611206, 38, 131, 0
76, 48, 14, 104, 0, 0, 53.52%, 10, 0, 8, 8515.11, 655497, 38, 143, 0
82, 52, 84, 105, 0, 0, 53.52%, 10, 0, 8, 8797.55, 700356, 38, 153, 0
87, 55, 40, 105, 0, 0, 53.52%, 10, 0, 8, 8149.40, 742010, 38, 162, 0
92, 58, 76, 105, 0, 0, 53.52%, 12, 0, 8, 7985.26, 783096, 38, 176, 0
97, 61, 45, 106, 0, 0, 53.52%, 12, 0, 8, 7934.68, 823921, 38, 182, 0
102, 64, 17, 106, 0, 0, 53.52%, 12, 0, 8, 7636.17, 863896, 38, 187, 0
107, 66, 14, 107, 0, 0, 53.52%, 12, 0, 8, 7216.48, 900664, 38, 198, 0
113, 69, 83, 107, 0, 0, 53.52%, 12, 0, 8, 7886.52, 940047, 38, 205, 0
118, 72, 44, 107, 0, 0, 53.52%, 12, 0, 8, 7580.59, 978664, 38, 215, 0
123, 75, 84, 107, 0, 0, 53.52%, 12, 0, 8, 7177.75, 1015383, 38, 219, 0
128, 78, 39, 107, 0, 0, 53.52%, 12, 0, 8, 7559.49, 1054689, 38, 227, 0
133, 81, 69, 107, 0, 0, 53.52%, 12, 0, 8, 7231.60, 1091314, 38, 233, 0
138, 84, 14, 107, 0, 0, 53.52%, 12, 0, 8, 7355.53, 1128889, 38, 244, 0
143, 86, 103, 107, 0, 0, 53.52%, 12, 0, 8, 6770.61, 1166595, 38, 249, 0
149, 89, 69, 107, 0, 0, 53.52%, 12, 0, 8, 7466.70, 1206064, 38, 265, 0
154, 93, 83, 107, 0, 0, 53.52%, 12, 0, 8, 7548.30, 1245366, 38, 271, 0
159, 95, 98, 107, 0, 0, 53.52%, 12, 0, 8, 7319.14, 1283161, 38, 279, 0
164, 98, 69, 108, 1, 0, 53.52%, 12, 0, 8, 7326.39, 1320821, 38, 286, 0
169, 101, 51, 108, 0, 0, 53.52%, 12, 0, 8, 7511.69, 1359660, 38, 295, 0
174, 104, 84, 108, 0, 0, 53.52%, 12, 0, 8, 7190.21, 1396980, 38, 308, 0
185, 106, 31, 108, 0, 0, 53.52%, 12, 0, 8, 25.39, 1424760, 38, 319, 0
190, 110, 39, 108, 0, 0, 53.52%, 12, 0, 8, 7936.68, 1465235, 38, 331, 0
195, 113, 17, 108, 0, 0, 53.52%, 12, 0, 8, 7878.42, 1505760, 38, 342, 0
200, 116, 69, 109, 0, 0, 53.52%, 12, 0, 8, 7977.51, 1547235, 38, 354, 0
205, 119, 10, 110, 0, 0, 53.52%, 12, 0, 8, 7611.16, 1588013, 38, 360, 0
210, 122, 17, 110, 0, 0, 53.52%, 12, 0, 8, 7907.94, 1628563, 38, 369, 0
215, 125, 86, 110, 0, 0, 53.52%, 12, 0, 8, 7893.01, 1669146, 38, 376, 0
221, 128, 97, 110, 0, 0, 53.52%, 12, 0, 8, 7913.52, 1710397, 38, 388, 0
226, 131, 14, 110, 0, 0, 53.52%, 12, 0, 8, 7428.99, 1746938, 38, 392, 0
231, 134, 35, 111, 0, 0, 53.52%, 12, 0, 8, 7862.19, 1787478, 38, 406, 0
236, 137, 84, 111, 0, 0, 53.52%, 12, 0, 8, 7943.03, 1828253, 38, 421, 0
241, 140, 93, 111, 0, 0, 53.52%, 12, 0, 8, 8064.85, 1870340, 38, 429, 0
246, 143, 84, 112, 0, 0, 53.52%, 12, 0, 8, 8029.27, 1911888, 38, 435, 0
251, 146, 28, 112, 0, 0, 53.52%, 12, 0, 8, 7836.49, 1952202, 38, 443, 0
257, 149, 40, 112, 0, 0, 53.52%, 12, 0, 8, 7787.34, 1992852, 38, 448, 0
262, 152, 14, 112, 0, 0, 53.52%, 12, 0, 8, 7729.53, 2033127, 38, 457, 0
267, 154, 14, 112, 0, 0, 53.52%, 12, 0, 8, 7729.10, 2072877, 38, 462, 0
272, 157, 17, 112, 0, 0, 53.52%, 12, 0, 8, 7534.56, 2111827, 38, 468, 0
277, 160, 86, 112, 0, 0, 53.52%, 12, 0, 8, 7459.27, 2150176, 38, 474, 0
283, 162, 39, 112, 0, 0, 53.52%, 12, 0, 8, 7259.97, 2187377, 38, 483, 0
288, 165, 91, 113, 0, 0, 53.52%, 12, 0, 8, 7304.19, 2224983, 38, 488, 0
293, 167, 110, 114, 0, 0, 53.52%, 12, 0, 8, 7260.03, 2262006, 38, 497, 0
298, 170, 42, 114, 0, 0, 53.52%, 12, 0, 8, 7415.29, 2300725, 38, 508, 0
303, 173, 40, 114, 0, 0, 53.52%, 13, 0, 8, 7501.25, 2340000, 38, 514, 0
308, 176, 98, 114, 0, 0, 53.52%, 13, 0, 8, 7642.86, 2379354, 38, 526, 0
314, 178, 110, 114, 0, 0, 53.52%, 13, 0, 8, 7454.96, 2418274, 38, 542, 0
319, 181, 110, 114, 0, 0, 53.52%, 13, 0, 8, 7519.51, 2456376, 38, 547, 0
324, 184, 97, 114, 0, 0, 53.52%, 13, 0, 8, 7309.82, 2493622, 38, 558, 0
329, 186, 84, 114, 0, 0, 53.52%, 13, 0, 8, 7531.48, 2531501, 38, 565, 0
334, 189, 69, 114, 0, 0, 53.52%, 13, 0, 8, 7705.11, 2570175, 38, 573, 0
339, 192, 14, 114, 0, 0, 53.52%, 13, 0, 8, 7919.56, 2611300, 38, 582, 0
344, 194, 112, 114, 0, 0, 53.52%, 13, 0, 8, 7832.00, 2651811, 38, 595, 0
349, 197, 16, 114, 0, 0, 53.52%, 13, 0, 8, 7414.27, 2689575, 38, 602, 0
354, 200, 28, 114, 0, 0, 53.52%, 13, 0, 8, 7570.71, 2729375, 38, 611, 0
360, 203, 84, 114, 0, 0, 53.52%, 13, 0, 8, 7500.23, 2767801, 38, 618, 0
365, 205, 42, 114, 0, 0, 53.52%, 13, 0, 8, 7607.10, 2806325, 38, 627, 0
370, 208, 16, 114, 0, 0, 53.52%, 13, 0, 8, 7746.29, 2846025, 38, 638, 0
375, 211, 17, 114, 0, 0, 53.52%, 13, 0, 8, 7668.86, 2885475, 38, 644, 0
380, 213, 16, 114, 0, 0, 53.52%, 13, 0, 8, 7540.66, 2924025, 38, 651, 0
385, 216, 40, 114, 0, 0, 53.52%, 13, 0, 8, 7666.38, 2964400, 38, 660, 0
390, 219, 113, 114, 0, 0, 53.52%, 13, 0, 8, 7538.16, 3002976, 38, 673, 0
395, 221, 45, 114, 0, 0, 53.52%, 13, 0, 8, 7648.54, 3040725, 38, 681, 0
401, 224, 17, 114, 0, 0, 53.52%, 13, 0, 8, 8055.28, 3082600, 38, 690, 0
406, 227, 39, 114, 0, 0, 53.52%, 13, 0, 8, 8052.33, 3124325, 38, 700, 0
411, 230, 39, 114, 0, 0, 53.52%, 13, 0, 8, 8073.22, 3166325, 38, 713, 0
416, 233, 16, 114, 0, 0, 53.52%, 13, 0, 8, 7891.31, 3209475, 38, 722, 0
421, 236, 44, 114, 0, 0, 53.52%, 13, 0, 8, 7824.41, 3250000, 38, 729, 0
426, 239, 16, 114, 0, 0, 53.52%, 13, 0, 8, 7456.92, 3288675, 38, 740, 0
432, 242, 14, 114, 0, 0, 53.52%, 14, 0, 8, 7392.24, 3326850, 38, 744, 0
458, 245, 17, 114, 0, 0, 53.52%, 14, 0, 8, 56.08, 3362225, 38, 749, 0
463, 247, 17, 114, 0, 0, 53.52%, 14, 0, 8, 7638.00, 3400175, 38, 758, 0
468, 250, 39, 114, 0, 0, 53.52%, 14, 0, 8, 7534.11, 3438275, 38, 769, 0
474, 253, 14, 114, 0, 0, 53.52%, 14, 0, 8, 7858.48, 3478225, 38, 777, 0
484, 254, 40, 114, 0, 0, 53.52%, 14, 0, 8, 54.40, 3489725, 38, 779, 0
489, 257, 71, 114, 0, 0, 53.52%, 14, 0, 8, 7913.61, 3530734, 38, 785, 0
495, 260, 91, 114, 0, 0, 53.52%, 14, 0, 8, 8011.13, 3571700, 38, 792, 0
500, 262, 112, 114, 0, 0, 53.52%, 14, 0, 8, 8078.50, 3613173, 38, 805, 0
505, 265, 63, 114, 0, 0, 53.52%, 14, 0, 8, 8138.10, 3655525, 38, 812, 0
510, 269, 49, 114, 0, 0, 53.52%, 14, 0, 8, 8028.52, 3697000, 38, 822, 0
515, 271, 39, 114, 0, 0, 53.52%, 14, 0, 8, 7831.54, 3737425, 38, 829, 0
520, 274, 44, 114, 0, 0, 53.52%, 14, 0, 8, 7908.00, 3778175, 38, 838, 0
526, 277, 17, 114, 0, 0, 53.52%, 14, 0, 8, 7600.56, 3817775, 38, 850, 0
531, 279, 44, 114, 0, 0, 53.52%, 14, 0, 8, 7185.44, 3854700, 38, 861, 0
536, 282, 44, 114, 0, 0, 53.52%, 14, 0, 8, 7348.08, 3893750, 38, 870, 0
541, 284, 40, 114, 0, 0, 53.52%, 14, 0, 8, 6803.49, 3928675, 38, 874, 0
546, 286, 106, 114, 0, 0, 53.52%, 14, 0, 8, 6868.23, 3964825, 38, 880, 0
551, 289, 84, 114, 0, 0, 53.52%, 14, 0, 8, 6563.61, 3998681, 38, 883, 0
557, 291, 17, 114, 0, 0, 53.52%, 14, 0, 8, 7001.34, 4034975, 38, 886, 0
562, 294, 65, 114, 0, 0, 53.52%, 14, 0, 8, 8179.22, 4074575, 38, 893, 0
567, 297, 108, 114, 0, 0, 53.52%, 14, 0, 8, 7981.68, 4114669, 38, 901, 0
572, 300, 80, 114, 0, 0, 53.52%, 14, 0, 8, 8015.30, 4156475, 38, 912, 0
577, 303, 69, 114, 0, 0, 53.52%, 14, 0, 8, 8393.79, 4200350, 38, 922, 0
582, 306, 16, 114, 0, 0, 53.52%, 14, 0, 8, 8307.52, 4242925, 38, 935, 0
587, 308, 40, 114, 0, 0, 53.52%, 14, 0, 8, 7761.88, 4269325, 38, 936, 0
592, 311, 45, 114, 0, 0, 53.52%, 14, 0, 8, 7848.53, 4310700, 38, 950, 0
598, 314, 84, 114, 0, 0, 53.52%, 14, 0, 8, 8036.04, 4352261, 38, 965, 0
603, 315, 124, 141, 24, 0, 54.93%, 14, 0, 8, 6636.26, 4386334, 39, 973, 0
608, 315, 128, 146, 22, 0, 54.93%, 15, 0, 8, 3793.32, 4400197, 39, 979, 0
613, 315, 140, 147, 18, 0, 54.93%, 15, 0, 8, 2791.92, 4413216, 39, 980, 0
618, 315, 84, 147, 11, 0, 54.93%, 15, 0, 8, 2760.75, 4427159, 39, 981, 0
623, 315, 132, 149, 7, 0, 54.93%, 15, 0, 8, 2439.51, 4438737, 39, 983, 0
628, 315, 84, 149, 1, 0, 54.93%, 15, 0, 8, 3208.41, 4454251, 39, 983, 0
633, 316, 144, 151, 1, 0, 54.93%, 15, 0, 8, 4833.12, 4466672, 39, 984, 0
638, 316, 151, 152, 1, 0, 54.93%, 15, 0, 8, 624.59, 4470355, 39, 985, 0
644, 316, 151, 152, 1, 0, 54.93%, 15, 0, 8, 295.23, 4471357, 39, 985, 0
649, 316, 152, 153, 1, 0, 54.93%, 15, 0, 8, 139.47, 4474513, 39, 985, 0
654, 316, 152, 153, 1, 0, 54.93%, 15, 0, 8, 91.36, 4475196, 39, 985, 0
659, 316, 120, 153, 0, 0, 54.93%, 15, 0, 8, 2494.74, 4480441, 39, 986, 0
664, 317, 151, 153, 0, 0, 54.93%, 15, 0, 8, 524.66, 4502878, 39, 990, 0
669, 317, 151, 153, 0, 0, 54.93%, 15, 0, 8, 205.13, 4515302, 39, 992, 0
674, 317, 17, 153, 0, 0, 54.93%, 15, 0, 8, 5260.89, 4532644, 39, 996, 0
679, 318, 144, 153, 0, 0, 54.93%, 15, 0, 8, 3267.40, 4542843, 39, 998, 0
684, 318, 16, 153, 0, 0, 54.93%, 15, 0, 8, 4374.38, 4555336, 39, 1002, 0
689, 318, 120, 153, 0, 0, 54.93%, 15, 0, 8, 3897.17, 4572203, 39, 1006, 0
694, 319, 127, 154, 1, 0, 54.93%, 15, 0, 8, 2090.04, 4583600, 39, 1009, 0
699, 319, 153, 154, 1, 0, 54.93%, 15, 0, 8, 136.61, 4585568, 39, 1009, 0
705, 319, 153, 154, 1, 0, 54.93%, 15, 0, 8, 134.75, 4586265, 39, 1009, 0
710, 319, 69, 154, 0, 0, 54.93%, 15, 0, 8, 402.07, 4599137, 39, 1011, 0
715, 319, 120, 154, 0, 0, 54.93%, 15, 0, 8, 1270.00, 4610351, 39, 1014, 0
720, 320, 137, 154, 0, 0, 54.93%, 15, 0, 8, 3455.47, 4623503, 39, 1014, 0
725, 320, 69, 154, 0, 0, 54.93%, 15, 0, 8, 3596.43, 4636148, 39, 1019, 0
731, 320, 151, 154, 0, 0, 54.93%, 15, 0, 8, 3653.16, 4655825, 39, 1022, 0
736, 321, 116, 154, 0, 0, 54.93%, 15, 0, 8, 2879.49, 4670873, 39, 1024, 0
741, 321, 151, 154, 0, 0, 54.93%, 15, 0, 8, 3493.52, 4689429, 39, 1027, 0
746, 321, 151, 155, 1, 0, 54.93%, 15, 0, 8, 211.04, 4701195, 39, 1032, 0
751, 322, 155, 156, 2, 0, 54.93%, 15, 0, 9, 1793.38, 4711477, 39, 1032, 0
756, 322, 154, 156, 1, 0, 54.93%, 15, 0, 9, 420.66, 4720041, 39, 1033, 0
761, 322, 141, 157, 1, 0, 54.93%, 15, 0, 9, 3036.76, 4725924, 39, 1035, 0
766, 322, 156, 157, 1, 0, 54.93%, 15, 0, 9, 2111.65, 4735715, 39, 1037, 0
772, 322, 156, 157, 1, 0, 54.93%, 15, 0, 9, 304.72, 4737229, 39, 1037, 0
777, 322, 157, 158, 1, 0, 54.93%, 15, 0, 9, 407.03, 4744289, 39, 1039, 0
782, 322, 157, 158, 1, 0, 54.93%, 15, 0, 9, 218.10, 4745141, 39, 1039, 0
787, 322, 40, 158, 0, 0, 54.93%, 15, 0, 9, 3513.90, 4749691, 39, 1039, 0
792, 323, 138, 158, 0, 0, 54.93%, 15, 0, 9, 4175.65, 4770952, 39, 1043, 0
797, 323, 155, 158, 0, 0, 54.93%, 15, 0, 9, 4252.10, 4781190, 39, 1043, 0
802, 323, 156, 158, 0, 0, 54.93%, 15, 0, 9, 321.46, 4793992, 39, 1045, 0
807, 323, 141, 158, 0, 0, 54.93%, 15, 0, 9, 1705.80, 4806076, 39, 1048, 0
813, 323, 152, 158, 0, 0, 54.93%, 15, 0, 9, 387.31, 4813815, 39, 1049, 0
818, 324, 147, 158, 0, 0, 54.93%, 15, 0, 9, 3517.08, 4824018, 39, 1051, 0
823, 324, 14, 158, 0, 0, 54.93%, 15, 0, 9, 2806.92, 4834748, 39, 1053, 0
828, 324, 106, 158, 0, 0, 54.93%, 15, 0, 9, 5319.86, 4853060, 39, 1058, 0
833, 324, 99, 158, 0, 0, 54.93%, 15, 0, 9, 2570.42, 4869447, 39, 1062, 0
838, 325, 124, 158, 0, 0, 54.93%, 15, 0, 9, 3752.24, 4883625, 39, 1062, 0
843, 325, 120, 158, 0, 0, 54.93%, 15, 0, 9, 2974.39, 4902882, 39, 1063, 0
849, 325, 125, 158, 0, 0, 54.93%, 15, 0, 9, 5882.81, 4916514, 39, 1068, 0
854, 326, 17, 158, 0, 0, 54.93%, 15, 0, 9, 5003.90, 4929292, 39, 1069, 0
859, 326, 14, 158, 0, 0, 54.93%, 15, 0, 9, 3545.26, 4944590, 39, 1072, 0
864, 326, 158, 159, 1, 0, 54.93%, 15, 0, 9, 123.68, 4948103, 39, 1072, 0
869, 326, 158, 159, 1, 0, 54.93%, 15, 0, 9, 105.40, 4948613, 39, 1072, 0
874, 326, 158, 159, 1, 0, 54.93%, 15, 0, 9, 100.95, 4949113, 39, 1072, 0
879, 326, 137, 159, 0, 0, 54.93%, 15, 0, 9, 3339.86, 4964512, 39, 1075, 0
884, 326, 142, 159, 0, 0, 54.93%, 15, 0, 9, 3933.80, 4980661, 39, 1078, 0
889, 327, 142, 159, 0, 0, 54.93%, 15, 0, 9, 5078.35, 4999211, 39, 1079, 0
895, 327, 151, 159, 0, 0, 54.93%, 15, 0, 9, 177.72, 5011556, 39, 1081, 0
900, 327, 148, 159, 0, 0, 54.93%, 15, 0, 9, 1308.27, 5024489, 39, 1081, 0
905, 327, 55, 159, 0, 0, 54.93%, 15, 0, 9, 3906.17, 5041066, 39, 1085, 0
910, 328, 151, 159, 0, 0, 54.93%, 15, 0, 9, 43.19, 5050918, 39, 1087, 0
915, 328, 146, 159, 0, 0, 54.93%, 15, 0, 9, 6057.99, 5068865, 39, 1090, 0
920, 328, 143, 159, 0, 0, 54.93%, 15, 0, 9, 3566.96, 5080052, 39, 1093, 0
925, 328, 14, 159, 0, 0, 54.93%, 15, 0, 9, 4925.00, 5088997, 39, 1093, 0
931, 329, 144, 159, 0, 0, 54.93%, 15, 0, 9, 3081.60, 5101913, 39, 1095, 0
936, 329, 153, 159, 0, 0, 54.93%, 15, 0, 9, 744.44, 5114453, 39, 1098, 0
941, 329, 147, 159, 0, 0, 54.93%, 15, 0, 9, 2892.16, 5124821, 39, 1101, 0
946, 329, 120, 159, 0, 0, 54.93%, 15, 0, 9, 2091.54, 5134667, 39, 1101, 0
951, 329, 141, 159, 0, 0, 54.93%, 15, 0, 9, 3802.97, 5147284, 39, 1105, 0
956, 329, 151, 160, 1, 0, 54.93%, 15, 0, 9, 346.99, 5155498, 39, 1105, 0
962, 329, 159, 160, 1, 0, 54.93%, 15, 0, 9, 77.67, 5159508, 39, 1105, 0
967, 329, 159, 160, 1, 0, 54.93%, 15, 0, 9, 75.86, 5159902, 39, 1105, 0
972, 329, 159, 160, 1, 0, 54.93%, 15, 0, 9, 74.12, 5160282, 39, 1105, 0
977, 329, 159, 160, 1, 0, 54.93%, 15, 0, 9, 75.10, 5160672, 39, 1105, 0
982, 329, 159, 160, 1, 0, 54.93%, 15, 0, 9, 74.96, 5161062, 39, 1105, 0
987, 330, 133, 160, 0, 0, 54.93%, 15, 0, 9, 2819.03, 5167066, 39, 1105, 0
992, 330, 151, 160, 0, 0, 54.93%, 15, 0, 9, 592.39, 5176638, 39, 1105, 0
998, 330, 39, 160, 0, 0, 54.93%, 15, 0, 9, 5870.66, 5189600, 39, 1108, 0
1003, 330, 149, 160, 0, 0, 54.93%, 15, 0, 9, 4415.94, 5205242, 39, 1112, 0
1008, 330, 150, 160, 0, 0, 54.93%, 15, 0, 9, 505.12, 5211918, 39, 1112, 0
1013, 330, 129, 160, 0, 0, 54.93%, 15, 0, 9, 1897.66, 5222339, 39, 1116, 0
1018, 331, 154, 160, 0, 0, 54.93%, 15, 0, 9, 2759.36, 5232030, 39, 1119, 0
1023, 331, 155, 160, 0, 0, 54.93%, 15, 0, 9, 3365.24, 5237848, 39, 1121, 0
1028, 331, 16, 160, 0, 0, 54.93%, 15, 0, 9, 5053.83, 5251910, 39, 1121, 0
1033, 331, 153, 160, 0, 0, 54.93%, 15, 0, 9, 137.79, 5259136, 39, 1122, 0
1039, 331, 129, 160, 0, 0, 54.93%, 15, 0, 9, 1869.78, 5267014, 39, 1123, 0
1044, 331, 150, 160, 0, 0, 54.93%, 15, 0, 9, 490.75, 5274247, 39, 1125, 0
1049, 331, 159, 160, 0, 0, 54.93%, 15, 0, 9, 75.49, 5278464, 39, 1126, 0
1054, 332, 159, 160, 0, 0, 54.93%, 15, 0, 9, 2806.73, 5294012, 39, 1131, 0
1060, 332, 16, 160, 0, 0, 54.93%, 15, 0, 9, 3003.58, 5301719, 39, 1134, 0
1065, 332, 120, 160, 0, 0, 54.93%, 15, 0, 9, 2640.00, 5315910, 39, 1137, 0
1071, 332, 158, 160, 0, 0, 54.93%, 15, 0, 9, 572.54, 5322843, 39, 1137, 0
1076, 332, 159, 160, 0, 0, 54.93%, 15, 0, 9, 3238.43, 5334490, 39, 1140, 0
1081, 332, 122, 160, 0, 0, 54.93%, 15, 0, 9, 5168.78, 5343289, 39, 1141, 0
1086, 333, 137, 160, 0, 0, 54.93%, 15, 0, 9, 4870.72, 5363385, 39, 1141, 0
1091, 333, 120, 160, 0, 0, 54.93%, 15, 0, 9, 1317.40, 5372733, 39, 1144, 0
1096, 333, 154, 160, 0, 0, 54.93%, 15, 0, 9, 416.96, 5385270, 39, 1144, 0
1101, 333, 120, 160, 0, 0, 54.93%, 15, 0, 9, 4329.16, 5398482, 39, 1145, 0
1101, 333, 109, 160, 0, 0, 54.93%, 15, 0, 9, 0.00, 5398996, 39, 1145, 0
1107, 333, 159, 160, 0, 0, 54.93%, 15, 0, 9, 75.86, 5407991, 39, 1146, 0
1112, 333, 155, 160, 0, 0, 54.93%, 15, 0, 9, 2597.56, 5416804, 39, 1146, 0
1117, 334, 148, 160, 0, 0, 54.93%, 15, 0, 9, 1562.24, 5425068, 39, 1146, 0
1122, 334, 159, 160, 0, 0, 54.93%, 15, 0, 9, 77.19, 5436208, 39, 1148, 0
1127, 334, 120, 160, 0, 0, 54.93%, 15, 0, 9, 3114.57, 5446748, 39, 1149, 0
1132, 334, 84, 160, 0, 0, 54.93%, 15, 0, 9, 2604.27, 5458735, 39, 1152, 0
1137, 334, 120, 160, 0, 0, 54.93%, 15, 0, 9, 6137.09, 5475630, 39, 1152, 0
1142, 335, 153, 160, 0, 0, 54.93%, 15, 0, 9, 432.90, 5493052, 39, 1152, 0
1147, 335, 150, 160, 0, 0, 54.93%, 15, 0, 9, 518.70, 5506504, 39, 1153, 0
1152, 335, 139, 160, 0, 0, 54.93%, 15, 0, 9, 2043.75, 5512794, 39, 1154, 0
1157, 335, 144, 160, 0, 0, 54.93%, 15, 0, 9, 3291.76, 5524021, 39, 1157, 0
1162, 335, 120, 160, 0, 0, 54.93%, 15, 0, 9, 4528.20, 5539709, 39, 1159, 0
1167, 335, 148, 160, 0, 0, 54.93%, 15, 0, 9, 3263.60, 5553652, 39, 1161, 0
1200, 336, 120, 160, 0, 0, 54.93%, 15, 0, 9, 5.70, 5563821, 39, 1163, 0
1205, 336, 14, 160, 0, 0, 54.93%, 15, 0, 9, 1789.47, 5572766, 39, 1163, 0
1210, 336, 120, 160, 0, 0, 54.93%, 15, 0, 9, 351.05, 5580172, 39, 1164, 0
1215, 336, 155, 160, 0, 0, 54.93%, 15, 0, 9, 581.64, 5595352, 39, 1167, 0
1220, 336, 159, 160, 0, 0, 54.93%, 15, 0, 9, 159.14, 5606871, 39, 1168, 0
1225, 336, 159, 160, 0, 0, 54.93%, 15, 0, 9, 76.76, 5617166, 39, 1170, 0
1230, 336, 156, 160, 0, 0, 54.93%, 15, 0, 9, 302.47, 5624490, 39, 1172, 0
1236, 337, 158, 160, 0, 0, 54.93%, 15, 0, 9, 370.04, 5630505, 39, 1172, 0
1241, 337, 16, 160, 0, 0, 54.93%, 15, 0, 9, 3534.07, 5640254, 39, 1173, 0
1246, 337, 97, 160, 0, 0, 54.93%, 15, 0, 9, 2236.41, 5655015, 39, 1178, 0
1427, 337, 153, 160, 0, 0, 54.93%, 15, 0, 9, 0.06, 5660872, 39, 1179, 0
1432, 337, 158, 160, 0, 0, 54.93%, 15, 0, 9, 13.75, 5666137, 39, 1179, 0
1437, 337, 158, 160, 0, 0, 54.93%, 15, 0, 9, 14.74, 5666213, 39, 1179, 0
1442, 337, 153, 160, 0, 0, 54.93%, 15, 0, 9, 35.83, 5667964, 39, 1179, 0
1447, 337, 153, 160, 0, 0, 54.93%, 15, 0, 9, 24.83, 5668076, 39, 1179, 0
1452, 337, 155, 160, 0, 0, 54.93%, 15, 0, 9, 603.09, 5669408, 39, 1179, 0
1458, 337, 151, 160, 0, 0, 54.93%, 15, 0, 9, 33.01, 5669993, 39, 1179, 0
1588, 337, 151, 160, 0, 0, 54.93%, 15, 0, 9, 0.01, 5670063, 39, 1179, 0
1593, 337, 141, 160, 0, 0, 54.93%, 15, 0, 9, 3873.33, 5682245, 39, 1181, 0
1598, 338, 144, 160, 0, 0, 54.93%, 15, 0, 9, 25.21, 5689696, 39, 1181, 0
2201, 338, 144, 160, 0, 0, 54.93%, 15, 0, 9, 0.00, 5689715, 39, 1181, 0
2206, 338, 159, 160, 0, 0, 54.93%, 15, 0, 9, 330.62, 5700922, 39, 1183, 0
2211, 338, 159, 160, 0, 0, 54.93%, 15, 0, 9, 2015.30, 5707030, 39, 1184, 0
2240, 338, 159, 160, 0, 0, 54.93%, 15, 0, 9, 0.04, 5707086, 39, 1184, 0
2245, 338, 155, 160, 0, 0, 54.93%, 15, 0, 9, 1043.05, 5714675, 39, 1185, 0
2250, 338, 147, 160, 0, 0, 54.93%, 15, 0, 9, 4729.35, 5728695, 39, 1186, 0
2255, 338, 120, 160, 0, 0, 54.93%, 15, 0, 9, 5930.39, 5739274, 39, 1188, 0
2261, 338, 153, 160, 0, 0, 54.93%, 15, 0, 9, 136.23, 5747054, 39, 1189, 0
2266, 339, 158, 160, 0, 0, 54.93%, 15, 0, 9, 432.27, 5766371, 39, 1191, 0
2271, 339, 155, 160, 0, 0, 54.93%, 15, 0, 9, 4853.72, 5778565, 39, 1192, 0
2321, 339, 45, 160, 0, 0, 54.93%, 15, 0, 9, 0.02, 5779560, 39, 1192, 0
2326, 339, 120, 160, 0, 0, 54.93%, 15, 0, 9, 3480.31, 5796560, 39, 1192, 0
2381, 339, 154, 160, 0, 0, 54.93%, 15, 0, 9, 0.16, 5802920, 39, 1194, 0
2386, 339, 136, 160, 0, 0, 54.93%, 15, 0, 9, 4913.46, 5814371, 39, 1197, 0
2441, 340, 67, 160, 0, 0, 54.93%, 15, 0, 9, 0.10, 5826168, 39, 1198, 0
2446, 340, 140, 160, 0, 0, 54.93%, 15, 0, 9, 4390.23, 5836790, 39, 1202, 0
2501, 340, 155, 160, 0, 0, 54.93%, 15, 0, 9, 0.16, 5843654, 39, 1203, 0
2506, 340, 153, 160, 0, 0, 54.93%, 15, 0, 9, 2083.66, 5854635, 39, 1207, 0
2561, 340, 153, 160, 0, 0, 54.93%, 15, 0, 9, 0.02, 5867994, 39, 1207, 0
2566, 340, 146, 160, 0, 0, 54.93%, 15, 0, 9, 2850.77, 5879690, 39, 1207, 0
2621, 341, 159, 160, 0, 0, 54.93%, 15, 0, 9, 0.04, 5882404, 39, 1207, 0
2626, 341, 151, 160, 0, 0, 54.93%, 15, 0, 9, 179.10, 5890472, 39, 1209, 0
2681, 341, 154, 160, 0, 0, 54.93%, 15, 0, 9, 0.35, 5899176, 39, 1211, 0
2686, 341, 158, 160, 0, 0, 54.93%, 15, 0, 9, 311.78, 5911946, 39, 1213, 0
2741, 341, 84, 160, 0, 0, 54.93%, 15, 0, 9, 0.10, 5926483, 39, 1213, 0
2746, 341, 84, 160, 0, 0, 54.93%, 15, 0, 9, 1682.06, 5942010, 39, 1214, 0
2801, 342, 16, 160, 0, 0, 54.93%, 15, 0, 9, 0.23, 5957659, 39, 1215, 0
2806, 342, 144, 160, 0, 0, 54.93%, 15, 0, 9, 1033.72, 5971414, 39, 1215, 0
2861, 342, 65, 160, 0, 0, 54.93%, 15, 0, 9, 0.27, 5984354, 39, 1215, 0
2866, 342, 151, 160, 0, 0, 54.93%, 15, 0, 9, 3320.15, 5996249, 39, 1218, 0
2921, 342, 150, 160, 0, 0, 54.93%, 15, 0, 9, 0.63, 6002920, 39, 1219, 0
2927, 343, 158, 160, 0, 0, 54.93%, 15, 0, 9, 259.85, 6016867, 39, 1223, 0
2981, 343, 132, 160, 0, 0, 54.93%, 15, 0, 9, 0.12, 6028647, 39, 1225, 0
2986, 343, 152, 160, 0, 0, 54.93%, 15, 0, 9, 140.58, 6033061, 39, 1228, 0
3041, 343, 144, 160, 0, 0, 54.93%, 15, 0, 9, 1.07, 6040712, 39, 1228, 0
3046, 343, 147, 160, 0, 0, 54.93%, 15, 0, 9, 1050.42, 6055708, 39, 1228, 0
3101, 343, 131, 160, 0, 0, 54.93%, 15, 0, 9, 0.87, 6066708, 39, 1231, 0
3106, 344, 159, 160, 0, 0, 54.93%, 15, 0, 9, 76.39, 6073853, 39, 1233, 0
3161, 344, 120, 160, 0, 0, 54.93%, 15, 0, 9, 0.69, 6081102, 39, 1235, 0
3166, 344, 150, 160, 0, 0, 54.93%, 15, 0, 9, 859.42, 6086233, 39, 1235, 0
3221, 344, 143, 160, 0, 0, 54.93%, 15, 0, 9, 0.12, 6099912, 39, 1242, 0
3226, 344, 70, 160, 0, 0, 54.93%, 15, 0, 9, 3331.28, 6109242, 39, 1244, 0
3281, 344, 155, 160, 0, 0, 54.93%, 15, 0, 9, 0.02, 6122115, 39, 1248, 0
3286, 344, 154, 160, 0, 0, 54.93%, 15, 0, 9, 895.38, 6136686, 39, 1249, 0
3341, 345, 147, 160, 0, 0, 54.93%, 15, 0, 9, 2.33, 6148856, 39, 1252, 0
3346, 345, 112, 160, 0, 0, 54.93%, 15, 0, 9, 3142.90, 6165742, 39, 1253, 0
3401, 345, 120, 160, 0, 0, 54.93%, 15, 0, 9, 0.06, 6174124, 39, 1254, 0
3406, 345, 159, 160, 0, 0, 54.93%, 15, 0, 9, 76.63, 6186228, 39, 1257, 0
3411, 345, 159, 160, 0, 0, 54.93%, 15, 0, 9, 78.39, 6193702, 39, 1258, 0
3461, 345, 117, 160, 0, 0, 54.93%, 15, 0, 9, 0.08, 6199612, 39, 1259, 0
3467, 346, 158, 160, 0, 0, 54.93%, 15, 0, 9, 358.25, 6209559, 39, 1260, 0
3521, 346, 120, 160, 0, 0, 54.93%, 15, 0, 9, 0.06, 6222159, 39, 1263, 0
3526, 346, 151, 160, 0, 0, 54.93%, 15, 0, 9, 422.59, 6225258, 39, 1263, 0
3531, 346, 120, 160, 0, 0, 54.93%, 15, 0, 9, 6640.95, 6242428, 39, 1264, 0
3581, 346, 120, 160, 0, 0, 54.93%, 15, 0, 9, 0.02, 6243662, 39, 1265, 0
3586, 346, 147, 160, 0, 0, 54.93%, 15, 0, 9, 4641.79, 6252411, 39, 1265, 0
3595, 346, 156, 160, 0, 0, 54.93%, 15, 0, 9, 3.64, 6266214, 39, 1266, 0
3600, 347, 125, 160, 0, 0, 54.93%, 15, 0, 9, 2678.71, 6275379, 39, 1267, 0
3605, 347, 159, 160, 0, 0, 54.93%, 15, 0, 9, 75.34, 6286203, 39, 1268, 0
3610, 347, 149, 160, 0, 0, 54.93%, 15, 0, 9, 3164.74, 6297538, 39, 1270, 0
3615, 347, 23, 160, 0, 0, 54.93%, 15, 0, 9, 3599.66, 6315446, 39, 1273, 0
3620, 347, 156, 160, 0, 0, 54.93%, 15, 0, 9, 4168.74, 6321623, 39, 1273, 0
3626, 347, 84, 160, 0, 0, 54.93%, 15, 0, 9, 2625.06, 6336191, 39, 1274, 0
3631, 348, 42, 160, 0, 0, 54.93%, 15, 0, 9, 3550.06, 6344420, 39, 1274, 0
3633, 348, 154, 160, 0, 0, 54.93%, 15, 0, 9, 3365.30, 6351495, 39, 1277, 0
