# relative_time, cycles_done, cur_item, corpus_count, pending_total, pending_favs, map_size, saved_crashes, saved_hangs, max_depth, execs_per_sec, total_execs, edges_found, total_crashes, servers_count
61, 154, 5, 22, 0, 0, 26.03%, 9, 0, 10, 8834.69, 551825, 19, 2736, 0
66, 161, 22, 25, 0, 0, 28.77%, 9, 0, 12, 8699.31, 595193, 21, 3180, 0
72, 167, 3, 25, 0, 0, 28.77%, 9, 0, 12, 8873.54, 641246, 21, 3647, 0
77, 173, 18, 25, 0, 0, 28.77%, 9, 0, 12, 8278.66, 686096, 21, 4118, 0
82, 179, 23, 25, 0, 0, 28.77%, 10, 0, 12, 8417.94, 729788, 21, 4555, 0
87, 182, 26, 27, 0, 0, 28.77%, 11, 0, 13, 117.56, 763338, 21, 4908, 0
92, 186, 26, 29, 0, 0, 28.77%, 11, 0, 15, 9307.54, 811913, 21, 5491, 0
98, 188, 24, 30, 1, 0, 28.77%, 11, 0, 16, 9388.20, 860560, 21, 6114, 0
103, 191, 23, 30, 0, 0, 28.77%, 11, 0, 16, 9387.49, 908059, 21, 6694, 0
108, 195, 26, 30, 0, 0, 28.77%, 11, 0, 16, 9363.16, 957548, 21, 7356, 0
113, 198, 26, 30, 0, 0, 28.77%, 11, 0, 16, 9401.50, 1004247, 21, 7893, 0
118, 201, 26, 30, 0, 0, 28.77%, 11, 0, 16, 9306.10, 1050566, 21, 8431, 0
123, 205, 26, 30, 0, 0, 28.77%, 11, 0, 16, 9491.57, 1098256, 21, 8935, 0
128, 207, 26, 30, 0, 0, 28.77%, 11, 0, 16, 8625.43, 1140937, 21, 9486, 0
133, 210, 4, 30, 0, 0, 28.77%, 11, 0, 16, 9312.28, 1189810, 21, 10095, 0
138, 213, 30, 31, 0, 0, 28.77%, 11, 0, 16, 9504.23, 1239482, 21, 10697, 0
143, 216, 26, 32, 0, 0, 28.77%, 11, 0, 16, 9457.33, 1288771, 21, 11293, 0
148, 218, 32, 33, 1, 0, 28.77%, 11, 0, 16, 9366.94, 1335835, 21, 11886, 0
153, 220, 28, 34, 0, 0, 28.77%, 11, 0, 16, 9306.14, 1382497, 21, 12437, 0
159, 223, 30, 34, 0, 0, 28.77%, 11, 0, 16, 9274.91, 1430807, 21, 12959, 0
164, 226, 26, 34, 0, 0, 28.77%, 11, 0, 16, 9080.10, 1476719, 21, 13486, 0
169, 228, 26, 34, 0, 0, 28.77%, 11, 0, 16, 8997.45, 1524862, 21, 14062, 0
174, 230, 26, 34, 0, 0, 28.77%, 11, 0, 16, 8936.02, 1571158, 21, 14650, 0
179, 232, 20, 34, 0, 0, 28.77%, 11, 0, 16, 8862.16, 1615276, 21, 15195, 0
184, 233, 26, 34, 0, 0, 28.77%, 11, 0, 16, 8773.04, 1659177, 21, 15755, 0
189, 236, 26, 34, 0, 0, 28.77%, 11, 0, 16, 8832.01, 1704977, 21, 16303, 0
194, 238, 4, 34, 0, 0, 28.77%, 11, 0, 16, 8115.86, 1749326, 21, 16839, 0
200, 240, 26, 34, 0, 0, 28.77%, 11, 0, 16, 8798.86, 1792502, 21, 17367, 0
205, 242, 31, 34, 0, 0, 28.77%, 11, 0, 16, 8912.27, 1837651, 21, 17890, 0
210, 244, 30, 34, 0, 0, 28.77%, 11, 0, 16, 9025.03, 1884339, 21, 18468, 0
215, 246, 26, 34, 0, 0, 28.77%, 11, 0, 16, 8998.97, 1931239, 21, 19015, 0
220, 249, 30, 34, 0, 0, 28.77%, 11, 0, 16, 8740.48, 1974221, 21, 19506, 0
225, 251, 26, 34, 0, 0, 28.77%, 11, 0, 16, 8450.35, 2019517, 21, 20029, 0
230, 252, 30, 34, 0, 0, 28.77%, 11, 0, 16, 8753.42, 2063899, 21, 20551, 0
235, 255, 29, 34, 0, 0, 28.77%, 11, 0, 16, 8936.19, 2109079, 21, 21092, 0
240, 257, 26, 34, 0, 0, 28.77%, 11, 0, 16, 9097.78, 2155008, 21, 21571, 0
246, 259, 26, 34, 0, 0, 28.77%, 11, 0, 16, 9228.90, 2203104, 21, 22156, 0
251, 261, 32, 34, 0, 0, 28.77%, 11, 0, 16, 8619.73, 2246395, 21, 22655, 0
256, 263, 30, 34, 0, 0, 28.77%, 11, 0, 16, 8824.51, 2292437, 21, 23216, 0
261, 265, 26, 34, 0, 0, 28.77%, 11, 0, 16, 8543.35, 2335622, 21, 23754, 0
266, 267, 30, 34, 0, 0, 28.77%, 11, 0, 16, 8739.79, 2380402, 21, 24319, 0
271, 269, 29, 34, 0, 0, 28.77%, 11, 0, 16, 8836.25, 2425711, 21, 24911, 0
276, 271, 30, 34, 0, 0, 28.77%, 11, 0, 16, 9111.91, 2473112, 21, 25498, 0
281, 274, 26, 34, 0, 0, 28.77%, 11, 0, 16, 8943.18, 2517636, 21, 26055, 0
286, 276, 30, 34, 0, 0, 28.77%, 11, 0, 16, 9232.72, 2564670, 21, 26637, 0
291, 278, 30, 34, 0, 0, 28.77%, 11, 0, 16, 9016.72, 2609297, 21, 27160, 0
296, 280, 30, 34, 0, 0, 28.77%, 11, 0, 16, 9623.12, 2651629, 21, 27722, 0
301, 283, 30, 34, 0, 0, 28.77%, 11, 0, 16, 9294.90, 2698407, 21, 28279, 0
306, 285, 30, 34, 0, 0, 28.77%, 11, 0, 16, 9368.49, 2745600, 21, 28841, 0
311, 287, 26, 34, 0, 0, 28.77%, 11, 0, 16, 9138.44, 2791766, 21, 29378, 0
316, 289, 30, 34, 0, 0, 28.77%, 11, 0, 16, 9501.42, 2841226, 21, 29979, 0
322, 291, 26, 34, 0, 0, 28.77%, 11, 0, 16, 9405.05, 2890155, 21, 30612, 0
327, 294, 30, 34, 0, 0, 28.77%, 11, 0, 16, 9170.27, 2937368, 21, 31232, 0
332, 296, 30, 34, 0, 0, 28.77%, 11, 0, 16, 8685.12, 2979801, 21, 31780, 0
337, 297, 8, 34, 0, 0, 28.77%, 11, 0, 16, 8591.29, 3022951, 21, 32364, 0
342, 300, 26, 34, 0, 0, 28.77%, 11, 0, 16, 9196.60, 3070560, 21, 32904, 0
361, 302, 26, 34, 0, 0, 28.77%, 11, 0, 16, 44.83, 3115853, 21, 33446, 0
366, 304, 21, 34, 0, 0, 28.77%, 11, 0, 16, 9093.65, 3161101, 21, 34012, 0
371, 306, 30, 34, 0, 0, 28.77%, 11, 0, 16, 9055.50, 3206462, 21, 34583, 0
376, 308, 26, 34, 0, 0, 28.77%, 11, 0, 16, 9288.74, 3253562, 21, 35127, 0
387, 309, 30, 34, 0, 0, 28.77%, 11, 0, 16, 203.22, 3268505, 21, 35306, 0
392, 311, 30, 34, 0, 0, 28.77%, 11, 0, 16, 9197.72, 3315336, 21, 35868, 0
397, 314, 4, 34, 0, 0, 28.77%, 11, 0, 16, 9315.87, 3363776, 21, 36474, 0
402, 316, 33, 34, 0, 0, 28.77%, 11, 0, 16, 9466.42, 3412847, 21, 37036, 0
407, 318, 28, 34, 0, 0, 28.77%, 11, 0, 16, 9508.75, 3462327, 21, 37633, 0
412, 320, 26, 34, 0, 0, 28.77%, 11, 0, 16, 9113.39, 3507775, 21, 38222, 0
417, 322, 26, 34, 0, 0, 28.77%, 11, 0, 16, 9006.60, 3553217, 21, 38762, 0
423, 324, 30, 34, 0, 0, 28.77%, 11, 0, 16, 9197.94, 3600985, 21, 39347, 0
428, 326, 30, 34, 0, 0, 28.77%, 11, 0, 16, 8930.02, 3646436, 21, 39914, 0
433, 328, 30, 34, 0, 0, 28.77%, 11, 0, 16, 8459.47, 3689078, 21, 40383, 0
438, 330, 30, 34, 0, 0, 28.77%, 11, 0, 16, 8907.48, 3734551, 21, 40872, 0
443, 332, 30, 34, 0, 0, 28.77%, 11, 0, 16, 8244.21, 3776044, 21, 41383, 0
448, 334, 17, 34, 0, 0, 28.77%, 11, 0, 16, 8376.31, 3818469, 21, 41919, 0
453, 336, 15, 34, 0, 0, 28.77%, 11, 0, 16, 8015.64, 3859901, 21, 42438, 0
458, 338, 33, 34, 0, 0, 28.77%, 11, 0, 16, 8201.17, 3901654, 21, 42999, 0
463, 340, 26, 34, 0, 0, 28.77%, 11, 0, 16, 8874.22, 3948230, 21, 43561, 0
468, 342, 26, 34, 0, 0, 28.77%, 11, 0, 16, 9521.79, 3996993, 21, 44169, 0
473, 345, 26, 34, 0, 0, 28.77%, 11, 0, 16, 9543.28, 4044842, 21, 44732, 0
478, 347, 30, 34, 0, 0, 28.77%, 11, 0, 16, 10047.34, 4095452, 21, 45409, 0
483, 349, 30, 34, 0, 0, 28.77%, 11, 0, 16, 10085.34, 4146131, 21, 46045, 0
489, 352, 30, 34, 0, 0, 28.77%, 11, 0, 16, 10351.12, 4199277, 21, 46738, 0
494, 354, 30, 34, 0, 0, 28.77%, 11, 0, 16, 9558.69, 4247143, 21, 47318, 0
499, 356, 30, 34, 0, 0, 28.77%, 12, 0, 16, 9473.81, 4294730, 21, 47907, 0
504, 358, 26, 34, 0, 0, 28.77%, 12, 0, 16, 9450.86, 4342961, 21, 48497, 0
509, 360, 30, 34, 0, 0, 28.77%, 12, 0, 16, 9608.91, 4392226, 21, 49134, 0
514, 363, 26, 34, 0, 0, 28.77%, 12, 0, 16, 9342.45, 4438693, 21, 49679, 0
519, 365, 26, 34, 0, 0, 28.77%, 12, 0, 16, 9488.36, 4486419, 21, 50227, 0
524, 367, 32, 34, 0, 0, 28.77%, 12, 0, 16, 9543.59, 4534557, 21, 50806, 0
524, 367, 32, 34, 0, 0, 28.77%, 12, 0, 16, 0.00, 4534747, 21, 50809, 0
529, 369, 31, 34, 0, 0, 28.77%, 12, 0, 16, 9445.36, 4583604, 21, 51451, 0
535, 371, 29, 34, 0, 0, 28.77%, 12, 0, 16, 1365.19, 4626907, 21, 51976, 0
540, 373, 30, 34, 0, 0, 28.77%, 12, 0, 16, 9332.30, 4673700, 21, 52494, 0
545, 375, 26, 34, 0, 0, 28.77%, 12, 0, 16, 9397.92, 4720987, 21, 53035, 0
550, 377, 28, 34, 0, 0, 28.77%, 12, 0, 16, 9245.56, 4767256, 21, 53578, 0
555, 379, 4, 34, 0, 0, 28.77%, 12, 0, 16, 9901.72, 4818376, 21, 54215, 0
560, 381, 4, 34, 0, 0, 28.77%, 12, 0, 16, 9513.02, 4865976, 21, 54814, 0
565, 383, 32, 34, 0, 0, 28.77%, 12, 0, 16, 9354.64, 4912235, 21, 55431, 0
570, 386, 26, 34, 0, 0, 28.77%, 12, 0, 16, 9327.58, 4959099, 21, 55985, 0
575, 388, 30, 34, 0, 0, 28.77%, 12, 0, 16, 9498.21, 5008797, 21, 56580, 0
580, 391, 33, 34, 0, 0, 28.77%, 12, 0, 16, 9588.50, 5058780, 21, 57129, 0
586, 393, 26, 34, 0, 0, 28.77%, 12, 0, 16, 9643.53, 5108395, 21, 57720, 0
591, 395, 26, 34, 0, 0, 28.77%, 12, 0, 16, 9514.65, 5155758, 21, 58283, 0
596, 398, 30, 34, 0, 0, 28.77%, 12, 0, 16, 9604.77, 5203832, 21, 58904, 0
601, 399, 4, 41, 7, 0, 30.14%, 13, 0, 16, 9648.41, 5252735, 22, 59619, 0
606, 401, 35, 42, 1, 0, 30.14%, 13, 0, 16, 9556.61, 5300845, 22, 60529, 0
611, 403, 33, 45, 1, 0, 30.14%, 13, 0, 16, 9348.36, 5349579, 22, 61435, 0
616, 403, 48, 50, 0, 0, 34.25%, 14, 0, 19, 8667.71, 5396359, 25, 68753, 0
621, 404, 48, 51, 0, 0, 34.25%, 14, 0, 19, 9347.63, 5444909, 25, 74665, 0
626, 404, 52, 53, 2, 0, 34.25%, 14, 0, 19, 9156.64, 5491771, 25, 81468, 0
631, 405, 48, 53, 0, 0, 34.25%, 14, 0, 19, 9140.31, 5539255, 25, 88553, 0
636, 406, 26, 54, 1, 0, 34.25%, 14, 0, 19, 9258.46, 5586062, 25, 96361, 0
642, 407, 26, 55, 2, 0, 34.25%, 14, 0, 19, 9249.61, 5633501, 25, 103709, 0
647, 408, 26, 55, 0, 0, 34.25%, 14, 0, 19, 9150.96, 5681969, 25, 111794, 0
652, 408, 26, 55, 0, 0, 34.25%, 14, 0, 19, 9414.68, 5730863, 25, 116719, 0
657, 409, 48, 55, 0, 0, 34.25%, 14, 0, 19, 9414.66, 5778006, 25, 124048, 0
662, 410, 48, 55, 0, 0, 34.25%, 14, 0, 19, 9383.02, 5825305, 25, 132903, 0
667, 411, 30, 55, 0, 0, 34.25%, 14, 0, 19, 9413.32, 5872415, 25, 138505, 0
672, 412, 30, 55, 0, 0, 34.25%, 14, 0, 19, 8975.68, 5917098, 25, 142891, 0
677, 413, 48, 55, 0, 0, 34.25%, 14, 0, 19, 9565.05, 5967457, 25, 152700, 0
682, 413, 44, 55, 0, 0, 34.25%, 14, 0, 19, 9467.83, 6014104, 25, 160006, 0
687, 414, 48, 55, 0, 0, 34.25%, 14, 0, 19, 9383.77, 6061477, 25, 166276, 0
692, 415, 45, 55, 0, 0, 34.25%, 14, 0, 19, 9319.29, 6107861, 25, 171529, 0
697, 416, 48, 55, 0, 0, 34.25%, 14, 0, 19, 9103.87, 6155040, 25, 177643, 0
703, 416, 48, 55, 0, 0, 34.25%, 14, 0, 19, 8934.87, 6198770, 25, 183684, 0
708, 417, 34, 55, 0, 0, 34.25%, 14, 0, 19, 9169.52, 6245878, 25, 192806, 0
713, 418, 48, 55, 0, 0, 34.25%, 14, 0, 19, 9306.04, 6293273, 25, 198647, 0
718, 419, 34, 55, 0, 0, 34.25%, 14, 0, 19, 9199.42, 6340428, 25, 203672, 0
723, 420, 48, 55, 0, 0, 34.25%, 14, 0, 19, 9311.77, 6388631, 25, 209806, 0
728, 421, 26, 55, 0, 0, 34.25%, 14, 0, 19, 9454.30, 6436768, 25, 216521, 0
733, 422, 28, 55, 0, 0, 34.25%, 14, 0, 19, 9364.60, 6483372, 25, 222907, 0
738, 423, 48, 55, 0, 0, 34.25%, 14, 0, 19, 9418.76, 6533524, 25, 228315, 0
743, 424, 30, 55, 0, 0, 34.25%, 14, 0, 19, 9172.53, 6579219, 25, 233212, 0
748, 424, 48, 55, 0, 0, 34.25%, 14, 0, 19, 9096.96, 6625935, 25, 239480, 0
753, 425, 48, 55, 0, 0, 34.25%, 14, 0, 19, 9305.15, 6673272, 25, 245503, 0
758, 426, 50, 55, 0, 0, 34.25%, 14, 0, 19, 9285.60, 6720017, 25, 249709, 0
764, 427, 48, 55, 0, 0, 34.25%, 14, 0, 19, 8943.69, 6764439, 25, 255813, 0
769, 428, 39, 55, 0, 0, 34.25%, 14, 0, 19, 9243.10, 6811680, 25, 262639, 0
774, 428, 48, 55, 0, 0, 34.25%, 14, 0, 19, 9097.32, 6857740, 25, 269736, 0
779, 429, 48, 55, 0, 0, 34.25%, 14, 0, 19, 9291.62, 6906728, 25, 274130, 0
784, 430, 30, 55, 0, 0, 34.25%, 14, 0, 19, 9265.01, 6952822, 25, 280224, 0
789, 431, 48, 55, 0, 0, 34.25%, 14, 0, 19, 9175.76, 6998734, 25, 286587, 0
794, 432, 48, 55, 0, 0, 34.25%, 14, 0, 19, 9252.05, 7045532, 25, 292925, 0
799, 432, 34, 55, 0, 0, 34.25%, 14, 0, 19, 8874.45, 7090514, 25, 301996, 0
804, 433, 34, 55, 0, 0, 34.25%, 14, 0, 19, 9257.18, 7138532, 25, 309728, 0
809, 434, 48, 55, 0, 0, 34.25%, 14, 0, 19, 9256.79, 7185670, 25, 316759, 0
814, 435, 26, 55, 0, 0, 34.25%, 14, 0, 19, 9449.99, 7233351, 25, 324197, 0
819, 435, 48, 55, 0, 0, 34.25%, 14, 0, 19, 9539.35, 7283167, 25, 331794, 0
824, 436, 48, 55, 0, 0, 34.25%, 14, 0, 19, 9727.81, 7331293, 25, 339372, 0
829, 437, 48, 55, 0, 0, 34.25%, 14, 0, 19, 9625.12, 7379191, 25, 346986, 0
835, 438, 26, 55, 0, 0, 34.25%, 14, 0, 19, 9328.67, 7426149, 25, 355396, 0
840, 439, 34, 55, 0, 0, 34.25%, 14, 0, 19, 8950.80, 7471039, 25, 360718, 0
845, 440, 30, 55, 0, 0, 34.25%, 14, 0, 19, 9162.54, 7517853, 25, 365941, 0
850, 440, 48, 55, 0, 0, 34.25%, 14, 0, 19, 8955.64, 7563073, 25, 372832, 0
855, 441, 30, 55, 0, 0, 34.25%, 14, 0, 19, 8488.40, 7612055, 25, 381013, 0
860, 442, 48, 55, 0, 0, 34.25%, 14, 0, 19, 8979.61, 7657424, 25, 386408, 0
865, 443, 54, 55, 0, 0, 34.25%, 14, 0, 19, 8974.72, 7702315, 25, 394180, 0
870, 444, 48, 56, 1, 0, 34.25%, 14, 0, 19, 9324.38, 7751029, 25, 401183, 0
875, 445, 0, 56, 0, 0, 34.25%, 14, 0, 19, 9256.77, 7797051, 25, 406471, 0
880, 445, 48, 56, 0, 0, 34.25%, 14, 0, 19, 9155.68, 7843242, 25, 416270, 0
885, 446, 30, 56, 0, 0, 34.25%, 14, 0, 19, 9342.42, 7889851, 25, 424449, 0
890, 447, 54, 56, 0, 0, 34.25%, 14, 0, 19, 9312.18, 7935990, 25, 430551, 0
895, 448, 26, 56, 0, 0, 34.25%, 14, 0, 19, 9179.45, 7981885, 25, 435800, 0
900, 449, 48, 57, 0, 0, 34.25%, 14, 0, 19, 9023.29, 8027961, 25, 440786, 0
905, 449, 48, 57, 0, 0, 34.25%, 14, 0, 19, 8836.70, 8072584, 25, 448413, 0
910, 450, 50, 57, 0, 0, 34.25%, 14, 0, 19, 9244.78, 8119517, 25, 454730, 0
916, 451, 30, 57, 0, 0, 34.25%, 14, 0, 19, 9179.81, 8169210, 25, 460087, 0
921, 452, 46, 57, 0, 0, 34.25%, 14, 0, 19, 8856.07, 8213613, 25, 465259, 0
926, 453, 34, 57, 0, 0, 34.25%, 14, 0, 19, 9044.49, 8259325, 25, 472318, 0
931, 454, 52, 57, 0, 0, 34.25%, 14, 0, 19, 9284.36, 8305595, 25, 479907, 0
936, 455, 48, 57, 0, 0, 34.25%, 14, 0, 19, 9479.17, 8353682, 25, 487895, 0
941, 456, 44, 57, 0, 0, 34.25%, 14, 0, 19, 9238.55, 8400546, 25, 493518, 0
946, 457, 48, 57, 0, 0, 34.25%, 14, 0, 19, 9133.41, 8446323, 25, 502794, 0
951, 458, 48, 57, 0, 0, 34.25%, 14, 0, 19, 8990.32, 8490900, 25, 511023, 0
956, 458, 48, 57, 0, 0, 34.25%, 14, 0, 19, 8874.34, 8535230, 25, 518144, 0
961, 459, 49, 57, 0, 0, 34.25%, 14, 0, 19, 8674.16, 8578856, 25, 525786, 0
966, 460, 48, 57, 0, 0, 34.25%, 14, 0, 19, 8622.93, 8622777, 25, 531492, 0
971, 461, 56, 57, 0, 0, 34.25%, 14, 0, 19, 8962.51, 8668688, 25, 537718, 0
976, 461, 48, 57, 0, 0, 34.25%, 14, 0, 19, 8436.37, 8713970, 25, 544750, 0
981, 462, 56, 57, 0, 0, 34.25%, 14, 0, 19, 8624.84, 8757639, 25, 550299, 0
986, 463, 48, 57, 0, 0, 34.25%, 14, 0, 19, 8238.00, 8795827, 25, 556866, 0
991, 464, 48, 57, 0, 0, 34.25%, 14, 0, 19, 8566.50, 8840945, 25, 564443, 0
997, 465, 47, 57, 0, 0, 34.25%, 14, 0, 19, 8479.28, 8885222, 25, 569204, 0
1002, 466, 48, 57, 0, 0, 34.25%, 14, 0, 19, 8751.92, 8929745, 25, 578049, 0
1007, 466, 48, 58, 1, 0, 34.25%, 14, 0, 19, 9009.11, 8976968, 25, 585390, 0
1012, 467, 26, 58, 0, 0, 34.25%, 14, 0, 19, 8860.99, 9022059, 25, 594399, 0
1017, 468, 57, 58, 0, 0, 34.25%, 14, 0, 19, 8920.63, 9067159, 25, 600748, 0
1022, 469, 48, 58, 0, 0, 34.25%, 14, 0, 19, 8933.78, 9113018, 25, 606442, 0
1027, 470, 51, 58, 0, 0, 34.25%, 14, 0, 19, 9175.29, 9158953, 25, 617418, 0
1032, 471, 29, 58, 0, 0, 34.25%, 14, 0, 19, 9023.74, 9203156, 25, 622095, 0
1037, 472, 34, 58, 0, 0, 34.25%, 14, 0, 19, 8804.61, 9250432, 25, 626194, 0
1042, 473, 48, 58, 0, 0, 34.25%, 14, 0, 19, 8632.60, 9295149, 25, 632016, 0
1047, 473, 48, 58, 0, 0, 34.25%, 14, 0, 19, 8644.72, 9338177, 25, 637190, 0
1052, 474, 48, 58, 0, 0, 34.25%, 14, 0, 19, 8801.60, 9382216, 25, 644590, 0
1058, 475, 26, 58, 0, 0, 34.25%, 14, 0, 19, 8199.67, 9424045, 25, 650374, 0
1063, 476, 56, 58, 0, 0, 34.25%, 14, 0, 19, 8574.43, 9467824, 25, 655524, 0
1068, 477, 47, 58, 0, 0, 34.25%, 14, 0, 19, 8500.14, 9511672, 25, 662666, 0
1073, 478, 42, 58, 0, 0, 34.25%, 14, 0, 19, 9034.45, 9557632, 25, 668802, 0
1102, 478, 48, 58, 0, 0, 34.25%, 14, 0, 19, 6.23, 9567456, 25, 669638, 0
1107, 479, 48, 58, 0, 0, 34.25%, 14, 0, 19, 9055.46, 9612672, 25, 677040, 0
1112, 479, 48, 58, 0, 0, 34.25%, 14, 0, 19, 1078.31, 9630040, 25, 679765, 0
1117, 480, 34, 58, 0, 0, 34.25%, 14, 0, 19, 9148.73, 9672889, 25, 686036, 0
1123, 481, 30, 58, 0, 0, 34.25%, 14, 0, 19, 9258.59, 9720261, 25, 692638, 0
1128, 481, 48, 58, 0, 0, 34.25%, 14, 0, 19, 9074.00, 9765806, 25, 699557, 0
1133, 482, 48, 58, 0, 0, 34.25%, 14, 0, 19, 9729.34, 9813932, 25, 706706, 0
1138, 483, 56, 58, 0, 0, 34.25%, 14, 0, 19, 9450.76, 9861500, 25, 714666, 0
1143, 484, 46, 58, 0, 0, 34.25%, 14, 0, 19, 9417.25, 9908683, 25, 723623, 0
1148, 485, 48, 58, 0, 0, 34.25%, 14, 0, 19, 9081.58, 9954778, 25, 732634, 0
1329, 485, 30, 58, 0, 0, 34.25%, 14, 0, 19, 9.28, 9988016, 25, 735034, 0
1334, 486, 26, 58, 0, 0, 34.25%, 14, 0, 19, 1177.32, 10016980, 25, 739320, 0
1340, 486, 47, 58, 0, 0, 34.25%, 14, 0, 19, 1468.61, 10024842, 25, 740597, 0
1345, 486, 46, 58, 0, 0, 34.25%, 14, 0, 19, 1355.43, 10031316, 25, 741008, 0
1350, 486, 4, 58, 0, 0, 34.25%, 14, 0, 19, 1575.81, 10039819, 25, 741384, 0
1355, 487, 31, 58, 0, 0, 34.25%, 14, 0, 19, 1560.67, 10047701, 25, 742526, 0
1360, 487, 33, 58, 0, 0, 34.25%, 14, 0, 19, 1468.36, 10055601, 25, 744283, 0
1491, 487, 4, 58, 0, 0, 34.25%, 14, 0, 19, 0.02, 10056972, 25, 744319, 0
1496, 488, 30, 58, 0, 0, 34.25%, 14, 0, 19, 8744.86, 10103315, 25, 751229, 0
2103, 488, 48, 58, 0, 0, 34.25%, 14, 0, 19, 0.16, 10116521, 25, 754013, 0
2109, 489, 50, 58, 0, 0, 34.25%, 14, 0, 19, 8387.55, 10164614, 25, 764504, 0
2143, 489, 34, 58, 0, 0, 34.25%, 14, 0, 19, 0.03, 10192982, 25, 768828, 0
2148, 490, 48, 58, 0, 0, 34.25%, 14, 0, 19, 9431.05, 10240813, 25, 776779, 0
2153, 491, 48, 58, 0, 0, 34.25%, 14, 0, 19, 9679.83, 10289986, 25, 784877, 0
2158, 492, 48, 58, 0, 0, 34.25%, 14, 0, 19, 9641.88, 10339734, 25, 790306, 0
2163, 493, 48, 58, 0, 0, 34.25%, 14, 0, 19, 9513.01, 10388857, 25, 797759, 0
2168, 493, 48, 58, 0, 0, 34.25%, 14, 0, 19, 9446.23, 10437188, 25, 805539, 0
2223, 494, 44, 58, 0, 0, 34.25%, 14, 0, 19, 2.03, 10480206, 25, 811233, 0
2228, 495, 48, 58, 0, 0, 34.25%, 14, 0, 19, 9422.96, 10527648, 25, 821435, 0
2283, 496, 42, 58, 0, 0, 34.25%, 14, 0, 19, 3.64, 10553702, 25, 826180, 0
2288, 497, 30, 58, 0, 0, 34.25%, 14, 0, 19, 9073.67, 10599347, 25, 831864, 0
2343, 497, 37, 58, 0, 0, 34.25%, 14, 0, 19, 0.02, 10629557, 25, 835788, 0
2348, 498, 48, 58, 0, 0, 34.25%, 14, 0, 19, 9297.22, 10676862, 25, 842423, 0
2403, 499, 50, 58, 0, 0, 34.25%, 14, 0, 19, 0.19, 10707157, 25, 846605, 0
2409, 500, 48, 58, 0, 0, 34.25%, 14, 0, 19, 9144.34, 10755763, 25, 852757, 0
2463, 500, 7, 58, 0, 0, 34.25%, 14, 0, 19, 0.02, 10783807, 25, 856549, 0
2468, 501, 48, 58, 0, 0, 34.25%, 14, 0, 19, 9055.13, 10830772, 25, 865342, 0
2523, 502, 48, 58, 0, 0, 34.25%, 14, 0, 19, 0.46, 10858653, 25, 868349, 0
2529, 503, 52, 58, 0, 0, 34.25%, 14, 0, 19, 8818.74, 10905203, 25, 873354, 0
2583, 503, 41, 58, 0, 0, 34.25%, 14, 0, 19, 0.04, 10934094, 25, 875435, 0
2589, 504, 48, 58, 0, 0, 34.25%, 14, 0, 19, 9043.44, 10982412, 25, 884410, 0
2643, 505, 48, 58, 0, 0, 34.25%, 14, 0, 19, 0.17, 11009719, 25, 889859, 0
2648, 506, 48, 58, 0, 0, 34.25%, 14, 0, 19, 9233.18, 11056952, 25, 895476, 0
2703, 506, 14, 58, 0, 0, 34.25%, 14, 0, 19, 0.02, 11085357, 25, 898522, 0
2709, 507, 48, 58, 0, 0, 34.25%, 14, 0, 19, 9258.52, 11133572, 25, 904133, 0
2763, 508, 48, 58, 0, 0, 34.25%, 14, 0, 19, 0.23, 11160880, 25, 907509, 0
2768, 509, 48, 58, 0, 0, 34.25%, 14, 0, 19, 7951.30, 11208047, 25, 912474, 0
2823, 509, 31, 58, 0, 0, 34.25%, 14, 0, 19, 0.17, 11236275, 25, 917610, 0
2828, 511, 26, 58, 0, 0, 34.25%, 14, 0, 19, 9245.54, 11283356, 25, 922567, 0
2883, 511, 48, 58, 0, 0, 34.25%, 14, 0, 19, 3.69, 11314455, 25, 927049, 0
2889, 512, 36, 58, 0, 0, 34.25%, 14, 0, 19, 9554.43, 11364498, 25, 937260, 0
2943, 513, 48, 58, 0, 0, 34.25%, 14, 0, 19, 0.42, 11392419, 25, 941498, 0
2948, 514, 26, 58, 0, 0, 34.25%, 14, 0, 19, 9494.36, 11440046, 25, 948731, 0
3003, 514, 42, 58, 0, 0, 34.25%, 14, 0, 19, 0.04, 11470312, 25, 952226, 0
3008, 515, 32, 58, 0, 0, 34.25%, 14, 0, 19, 9551.64, 11518812, 25, 959338, 0
3063, 516, 48, 58, 0, 0, 34.25%, 14, 0, 19, 0.35, 11548214, 25, 963144, 0
3069, 516, 52, 58, 0, 0, 34.25%, 14, 0, 19, 9549.95, 11598672, 25, 970603, 0
3123, 517, 48, 58, 0, 0, 34.25%, 14, 0, 19, 0.21, 11626744, 25, 973092, 0
3128, 518, 49, 58, 0, 0, 34.25%, 14, 0, 19, 9342.21, 11674356, 25, 982134, 0
3183, 518, 32, 58, 0, 0, 34.25%, 14, 0, 19, 0.12, 11702491, 25, 987013, 0
3189, 519, 30, 58, 0, 0, 34.25%, 14, 0, 19, 9052.42, 11751468, 25, 993961, 0
3243, 520, 57, 58, 0, 0, 34.25%, 14, 0, 19, 0.10, 11779642, 25, 1000455, 0
3249, 520, 48, 58, 0, 0, 34.25%, 14, 0, 19, 9247.53, 11828512, 25, 1010428, 0
3303, 521, 47, 58, 0, 0, 34.25%, 14, 0, 19, 0.02, 11856722, 25, 1013557, 0
3309, 522, 52, 58, 0, 0, 34.25%, 14, 0, 19, 9361.54, 11906119, 25, 1019213, 0
3363, 523, 49, 58, 0, 0, 34.25%, 14, 0, 19, 0.06, 11933270, 25, 1023090, 0
3368, 523, 52, 58, 0, 0, 34.25%, 14, 0, 19, 9524.39, 11981912, 25, 1032521, 0
3423, 524, 48, 58, 0, 0, 34.25%, 14, 0, 19, 0.39, 12015052, 25, 1036424, 0
3429, 525, 49, 58, 0, 0, 34.25%, 14, 0, 19, 9661.16, 12065540, 25, 1044285, 0
3483, 525, 30, 58, 0, 0, 34.25%, 14, 0, 19, 0.15, 12093017, 25, 1048962, 0
3489, 526, 45, 58, 0, 0, 34.25%, 14, 0, 19, 8404.49, 12137130, 25, 1055621, 0
3497, 527, 48, 58, 0, 0, 34.25%, 14, 0, 19, 7.11, 12160658, 25, 1058536, 0
3502, 527, 30, 58, 0, 0, 34.25%, 14, 0, 19, 7614.54, 12198078, 25, 1065352, 0
3507, 528, 48, 58, 0, 0, 34.25%, 14, 0, 19, 8451.00, 12240558, 25, 1074425, 0
3512, 529, 26, 58, 0, 0, 34.25%, 14, 0, 19, 8722.25, 12285056, 25, 1081450, 0
3517, 530, 48, 58, 0, 0, 34.25%, 14, 0, 19, 8575.59, 12327817, 25, 1089287, 0
3522, 531, 48, 58, 0, 0, 34.25%, 14, 0, 19, 9043.17, 12373906, 25, 1095186, 0
3527, 531, 48, 58, 0, 0, 34.25%, 14, 0, 19, 9167.02, 12420464, 25, 1102240, 0
3533, 532, 48, 58, 0, 0, 34.25%, 14, 0, 19, 9109.28, 12466672, 25, 1108304, 0
3538, 533, 48, 58, 0, 0, 34.25%, 14, 0, 19, 9185.51, 12512634, 25, 1114315, 0
3543, 535, 30, 58, 0, 0, 34.25%, 14, 0, 19, 9744.68, 12563231, 25, 1120929, 0
3546, 535, 30, 58, 0, 0, 34.25%, 14, 0, 19, 10889.92, 12601566, 25, 1128066, 0
